344
Frame 5197 cell_orig -11.76088589 -4.22083529 -5.76227866 cell_vec1 28.20403937 0.0 0.0 cell_vec2 0.0 13.20032844 0.0 cell_vec3 0.0 0.0 42.14846352 pbc 0 0 0
Mo -1.02896614 -0.98908912 -4.56620581
Mo -2.65323554 4.67868333 -3.98324585
S -0.77407533 3.26335068 -4.68533678
S -2.5336113 -2.70148942 -3.56030042
S -2.48770373 0.67010338 -3.50151313
S -1.42427108 6.32758803 -5.69719983
Mo -3.1252454 -1.02261317 -1.81266178
Mo -4.0802019 5.57504787 -1.39386403
S -2.61642321 3.61702958 -1.80802291
S -4.70635322 -2.68268517 -0.77543805
S -4.94599466 0.7210726 -1.54848089
S -2.26006498 6.63407022 -2.64775748
Mo -4.63595971 -0.45977751 0.98430688
Mo -6.22496508 4.77779069 1.74852339
S -3.72146234 4.20459085 0.620995
S -5.58910935 -2.50590003 2.54543048
S -7.04696758 0.36138125 2.08810298
S -4.51095446 6.33382471 0.94946747
Mo -6.61732096 -0.98341192 4.16022259
Mo -7.49509885 4.5742221 4.84988864
S -5.69049326 3.43733982 3.76104626
S -8.58748591 -1.53332815 5.51998236
S -7.97286805 1.10136412 5.06418118
S -5.9509412 6.61941363 3.71293734
Mo -8.28734095 -0.07476205 7.48958833
Mo -9.8664894 4.8994593 7.53609836
S -8.32877633 3.08970476 7.01020223
S -9.44244806 -2.46201275 8.40232724
S -10.31490052 0.63113139 8.66591932
S -8.01230309 6.17351041 6.61610577
Mo -9.63628602 -1.2122547 10.46487841
Mo -11.76088589 4.97686902 10.4332335
S -10.16298388 3.95254117 9.46790075
S -11.72945496 -1.14942621 11.9085102
S -10.1339283 0.42861233 11.60383183
S -8.68779899 7.1883529 9.61799575
Mo 2.40184236 -1.23833604 -4.31385512
Mo 0.4616659 5.22624263 -3.96881721
S 2.49492976 3.41308871 -4.88552992
S 0.80870469 -2.47517555 -3.61980908
S 0.61887935 0.65031599 -3.69242263
S 2.6327762 6.57392365 -5.04547513
Mo 0.75984682 -1.0695321 -1.58013905
Mo -0.87854266 5.31116252 -0.99717151
S 0.93826473 3.37490405 -1.9524201
S -1.02928804 -1.92392592 -0.72392801
S -0.69617027 0.80433182 -0.86760806
S 0.93772553 6.45208356 -2.3064643
Mo -0.71723159 -0.29587323 1.05534151
Mo -2.61428697 5.92983738 2.06249426
S -1.03733533 3.77976314 1.04221082
S -2.57764227 -2.01467399 1.96011929
S -2.72349408 0.73591938 2.08940315
S -0.77454941 7.00726958 0.86210094
Mo -2.74859147 -0.8628434 3.56507703
Mo -4.40660273 5.16282851 5.07888146
S -2.89409091 3.46360337 4.21668752
S -4.51200093 -2.45430924 5.07704926
S -4.79905789 0.76190334 5.13980643
S -2.52923764 6.7880818 3.81571522
Mo -4.51245624 -0.68231151 7.08095083
Mo -6.75011589 4.6000843 8.01871461
S -4.48177856 3.28595162 7.03251254
S -6.57259843 -1.81130918 7.79357457
S -6.2967601 0.83136625 7.74334147
S -4.37736479 6.82246679 6.36520935
Mo -6.21642642 -0.71105907 10.62514286
Mo -7.96747706 5.13925435 10.75510856
S -6.79065484 3.09539463 9.91956854
S -7.45144955 -2.76621544 11.02633055
S -7.82668975 0.3252113 10.92804294
S -5.69017681 6.05411182 9.62069418
Mo 5.97148626 -0.93089654 -4.50424896
Mo 4.16296369 5.00611784 -3.91690942
S 5.73635333 3.35248898 -4.93879233
S 4.17343959 -2.43462548 -3.7896098
S 3.74827917 0.71009151 -3.86788452
S 5.84311761 6.47790088 -5.02603457
Mo 4.25407192 -0.79649494 -1.8948604
Mo 2.48110215 5.01479567 -0.81923733
S 4.07527627 3.4690259 -1.96133045
S 2.42089844 -2.12094319 -0.78970106
S 2.44418285 0.57258503 -0.80094994
S 4.11100523 6.8713945 -2.07664589
Mo 2.35190821 -0.76980488 1.32637313
Mo 0.6740737 5.32968272 2.11541296
S 2.45227016 3.32905727 1.01176625
S 0.43010745 -2.14829362 2.1221643
S 0.59731776 0.83355494 2.02835785
S 2.43209003 6.46383509 0.64336371
Mo 0.46203623 -0.62882168 4.0232995
Mo -1.03488115 5.08876187 4.88028537
S 0.67861106 3.54554182 3.88395449
S -1.3154437 -2.4036694 4.72530271
S -1.62403174 0.69370413 5.11841127
S 0.53361015 6.84975506 4.1080137
Mo -0.98202441 -0.89996836 6.93510561
Mo -2.83890596 5.12567066 7.49264
S -1.06275904 3.45431823 6.76997203
S -2.57556458 -2.68996552 7.56335005
S -2.50341466 0.91712296 7.76708434
S -0.80855999 6.49413191 6.9484306
Mo -2.52283808 -0.46949104 9.99102994
Mo -4.34977785 4.28787602 10.68786352
S -2.09072661 3.51553098 9.2637073
S -4.47304989 -2.30511118 10.07666932
S -4.55820182 1.03928627 10.27756488
S -2.51723252 6.18167107 9.7171495
Mo 9.0680358 -0.89107341 -4.45476483
Mo 7.55648763 4.84720709 -3.65923319
S 9.26831674 3.40606642 -4.55732232
S 7.20828248 -2.76182783 -3.40135547
S 6.95279562 0.76337809 -3.61695952
S 8.99852808 6.51596925 -4.68848859
Mo 7.45754638 -0.73123816 -1.65409267
Mo 5.72912804 5.07189827 -0.88284642
S 7.49159927 3.5432526 -1.92319295
S 5.73960703 -2.40886691 -0.64374018
S 5.75072797 0.83083996 -0.6780826
S 7.30941803 6.71365472 -2.01318699
Mo 5.86906916 -0.76473774 1.25559866
Mo 4.14856616 4.86728749 1.92714228
S 5.6297267 3.56922639 1.16773887
S 4.12002749 -2.39032675 2.04824561
S 4.11921405 0.76065739 2.21986076
S 5.7576184 6.82756598 0.93302275
Mo 4.2972695 -0.87324599 4.14394076
Mo 2.32694072 5.2143422 4.87128903
S 4.03438413 3.55711095 4.06895555
S 2.56163592 -1.86385811 4.73529728
S 2.49172643 0.80108644 4.47617431
S 3.95480932 6.91932309 3.94842116
Mo 2.74022119 -0.36518802 6.69425874
Mo 0.9566315 5.27812251 8.09302267
S 2.43719698 3.68042754 6.89864567
S 0.7522318 -1.94825856 7.53845765
S 0.65323619 0.85661528 7.29658129
S 2.51331741 6.87549332 6.92036415
Mo 1.25637057 -1.46137755 9.96967608
Mo -0.29115803 4.71959323 10.42523271
S 1.66864419 3.33276071 10.03770412
S -0.88873107 -2.64251717 9.71742135
S -0.23831067 0.5658661 9.94702829
S 1.75666592 6.48217216 10.06289435
Mo 12.74537722 -0.86638229 -4.053445
Mo 10.74618435 5.13998424 -3.61100264
S 12.39325589 3.57553945 -4.49210253
S 10.71344683 -1.9993368 -3.57779436
S 11.05382771 0.76835528 -3.4010231
S 12.72857784 5.4669488 -5.06362643
Mo 10.71569528 -0.72265936 -1.47784301
Mo 9.12052357 5.15071368 -0.88538332
S 10.86825 3.54458614 -1.71552414
S 9.05378744 -2.47138931 -0.84580978
S 9.09385422 0.87788517 -0.64909646
S 10.64519672 6.91021399 -1.86814279
Mo 9.12652404 -0.70340253 1.3439163
Mo 7.35514231 5.19098031 2.01277331
S 9.18337155 3.65071711 1.15032386
S 7.52814338 -2.41770727 2.1855371
S 7.41155605 0.93829254 2.24563765
S 9.07699641 6.75544947 1.03904582
Mo 7.55783098 -0.59210897 4.24046797
Mo 5.70708567 5.30963927 4.79440829
S 7.51438497 3.68113465 4.04314011
S 5.84542673 -2.35569979 5.44337723
S 5.76535254 0.92575592 5.13631864
S 7.53168648 6.79266558 3.99897309
Mo 5.86455082 -0.57884458 7.15171887
Mo 4.18865084 5.23553359 7.84859355
S 5.92296007 3.75627039 6.76784505
S 4.02438685 -2.06952734 8.00104355
S 4.22611725 1.06827691 8.11347759
S 5.76173236 6.88477241 6.76596607
Mo 4.87163137 -0.58628712 9.84930858
Mo 3.00472055 4.92796143 11.4240558
S 4.79968124 3.72120951 9.76132472
S 3.4560679 -2.65755344 9.67111485
S 2.80622568 0.28073249 10.98544879
S 5.06951322 7.35195154 10.96832332
Mo 16.44315348 -0.05554106 -3.9761737
Mo 14.62752729 4.353727 -3.91774023
S 15.20858253 2.75563801 -5.76227866
S 14.84866268 -1.62813618 -2.99086642
S 14.25856399 0.92156311 -3.33095393
S 15.83555874 5.76788024 -5.57111573
Mo 13.81271874 -0.27278943 -1.21664893
Mo 12.34023171 5.37547109 -0.82410533
S 14.2599257 3.94529037 -1.52212243
S 12.51245385 -2.28139441 -0.65539403
S 12.17439917 0.86340877 -0.16879604
S 14.0066486 6.48497229 -2.37153607
Mo 12.3615191 -0.8152317 1.62355734
Mo 10.97566856 5.61439465 1.96443218
S 12.94741386 3.25252857 1.42694316
S 10.70843833 -2.52327917 2.06097611
S 10.77279133 1.01966787 2.20088359
S 13.5821527 6.29624459 1.39606456
Mo 10.55709326 -0.23451795 4.22949809
Mo 9.09085929 5.41974851 4.82991463
S 10.91396031 3.71702185 3.81790011
S 9.44999413 -2.07260541 4.86835054
S 9.14318636 1.01376299 5.23568193
S 10.70117222 6.8197805 4.08561941
Mo 8.99234861 -0.79342185 6.97915666
Mo 7.95669648 5.54280964 7.86938706
S 9.26343344 3.80657014 6.66412035
S 7.41582443 -2.09421739 8.42392634
S 7.58678845 1.04477835 7.97288787
S 9.08877813 7.35870014 6.68605303
Mo 7.76054799 -0.47448274 9.9475744
Mo 6.67586978 5.54231018 10.72748274
S 7.99625555 3.77898262 9.57636701
S 6.71128933 -2.27112349 10.12950192
S 6.19646434 1.14987936 11.08632066
S 7.30402649 7.55905277 9.58018569
S 4.55198849 -0.85422742 17.74193629
S 0.56936626 2.435019 20.03855432
S -3.16683936 4.4736829 23.72310034
S 1.04862982 8.63583915 24.58720042
S 1.06335519 -2.80377261 31.09224936
S 5.15806221 3.2983437 32.0314913
S -0.44395241 0.79735546 35.91333139
S 4.2812783 6.14600093 36.01822872
S 1.6192277 -1.47468174 21.53383966
S -2.9189509 -1.13591148 34.95970827
S 1.07481441 5.39192026 35.3731065
S -4.35136851 3.13712359 21.60326587
S 4.99806556 0.78064372 24.3261706
S -3.17738654 2.61660235 29.65346304
S -3.1598972 -2.3357249 33.53375528
S 0.71056944 4.42618128 33.82988054
S 3.53855543 -3.0270766 30.24757092
S 2.77539409 3.01104937 18.37798824
S -3.42754677 -3.50384112 18.05478331
S 3.82867254 0.06150089 16.3015329
S 2.81242508 -0.1556501 33.22343613
S -2.70587704 4.73073531 33.69606869
S -0.90921194 5.7588552 16.50535972
S -1.53489835 0.166081 27.65312602
S 4.63877242 6.44407495 28.42816651
S 3.20438738 5.69028258 22.09888903
S -1.67662194 -1.01208972 21.11573247
S 2.66221435 5.54786273 31.04565174
S -1.02227077 -0.61440644 30.25390439
S -1.89272721 4.72609236 19.8685421
S 3.57678085 2.85943059 26.87883066
S -1.39461312 -3.04276121 27.40443109
S -0.91574465 2.54126068 15.76132197
S 2.41007752 -1.19129573 23.45404427
S -3.4760842 1.06877335 19.42517426
S 1.76767 7.30000062 19.59326122
S 3.17963475 0.30639345 19.5045507
S 2.80332491 3.10712976 33.35613515
S -2.07587655 -3.32945228 32.30002497
S 1.35424908 1.46566312 30.55865085
S -2.07377769 2.11852777 22.02207751
S 5.5423774 -0.88172492 23.71298472
S 3.10231066 -3.53613465 21.43720911
S 0.63542964 6.19134804 24.48406158
S 0.04226005 -1.68188194 35.92438799
S 4.93728776 4.468392 36.38618486
S 4.2329431 -3.47447546 16.42828723
S 0.90518323 -1.12087077 24.53450306
S 5.70838781 4.8327813 25.78606126
S 5.893722 -1.59034641 13.06372019
S 5.35762609 -2.50846432 19.47071468
S -0.18733985 4.8913499 17.98478249
S 1.29453488 1.87634849 21.67388389
S -0.86954224 -0.69118983 29.16588237
S 3.62573065 4.95861231 29.55139333
S -3.19124162 8.97949315 21.5762831
S -3.44629503 0.90497172 32.4515959
S 0.53114731 7.36461833 32.80662659
S 3.65405111 8.28334109 32.65548052
S -0.09011695 1.50993032 32.62931664
S -2.70069038 7.59832632 30.67521682
S 0.06154569 7.25816673 21.44094087
S 0.15081177 4.81017331 13.57500048
S 4.56025989 2.72804614 21.60032734
S -1.65752699 -2.1343479 22.60896021
S 2.74826646 4.4186156 22.92344057
S 2.70146348 -0.90010858 34.92741698
S -2.34061996 3.11869595 34.57822564
S 0.17111561 2.43311255 29.47555644
S -1.7836768 2.60491706 14.14482638
S 3.82997062 6.75319491 13.77548172
S 3.06360487 1.43885269 25.78709702
S 6.53685537 -2.06148862 29.22470259
S 6.14863709 3.35859838 18.93749369
S -0.98341908 -4.22083529 17.32263819
S -1.04103646 8.23859333 26.41161482
S -1.02881545 -1.46632317 19.43088336
S 4.21756155 5.14639109 20.62492111
S -3.1141308 4.3704683 30.24976799
S 5.7993238 1.52170532 15.72797022
S 4.18060016 -0.28365603 31.10771553
S 3.19962515 -1.23933861 29.84488177
S 2.85255913 4.51650008 18.63969418
S -4.34276723 1.78728753 33.8100811
S -2.62377398 -1.82259414 18.07541077
S 0.56489678 7.79268075 16.46581779
S 0.57230699 1.53078612 27.89546491
S 4.11017086 0.29891385 21.12676758
S 6.01509436 7.45624327 29.19674348
S 2.79236528 6.16979156 25.77353568
S 2.13519926 -3.27066289 34.26442883
S -1.39447767 7.14551375 29.40342159
S 1.52241308 2.99743362 23.15932109
S -4.20764879 0.0896285 26.34890648
S -3.78533197 -3.48178253 22.37795397
S -0.13350612 5.42679064 21.56487229
S -3.28715061 5.70854749 14.13512022
S -0.53646161 -0.2997088 32.70849584
S -1.47082359 4.58632923 31.50032165
S 4.27814068 6.53418409 32.70208074
S 3.93057092 1.76106034 28.34465546
S 5.641995 8.16166712 15.80783633
S 1.23547043 -1.39946657 13.73636179
S -1.08518039 1.03606361 17.19032284
S -2.46306201 1.16141951 23.57310799
S 3.59223188 2.16739705 13.65929272
S -0.88167598 -3.40471861 13.13426008
S 3.82851596 8.60296462 23.13480229
S 2.55766966 2.32846592 35.75033292
S -1.05388668 2.47641775 25.20838321
S 3.28038042 -3.72280257 25.10181834
S 0.65100388 -1.33974407 15.50655551
S -2.49695864 3.07872612 26.22867629
S 5.55762805 4.89926876 16.17745693
S 4.86002499 -1.22538294 26.98627579
S -2.59212437 -0.81095777 14.83710768
S 1.83488743 4.28624125 15.39209459
S 0.70929746 0.54201309 17.17840925
S 5.2981059 6.72457424 16.43317741
S 5.42800435 0.31622386 27.86404654
S -2.29151845 8.19835187 34.42610004
S 1.59024542 -1.36091423 26.94622467
S -2.55410963 -2.69342841 14.87901514
S 2.19901682 2.52277863 14.86904745
S 2.07979927 -3.12462416 27.25356403
S 0.9785192 6.71234877 28.66853596
S -0.13676321 4.9407882 27.26468545
S -3.31587015 4.62190969 26.92821739
