			pt+ft	pt	ft				A	B	C	pt+ft	pt				E/kcal/(mol*atom)	
	-708.9266357	-444851.4639	-2769.998328	-2747.698609	-2674.185547		39	1.646881104	4.219187379	0.285844803	-11.23535156	6.616759573	1.852419812	165.9519185		682.94	1.088880031	pt+ft
	-708.9292603	-444853.1108	-2774.217515	-2747.984454	-2662.950195		50	-6.817321778	-46.56838846	-30.88360214	13.81616211	1580.147303	579.1858506	425.7406573		791.79	1.172448471	pt
	-708.918396	-444846.2935	-2727.649127	-2717.100852	-2676.766357		22	1.838378906	14.50051308	11.85963821	17.72729492	160.3296418	100.4256381	252.4576522		1157.45	1.417554869	ft
	-708.9213257	-444848.1319	-2742.14964	-2728.96049	-2694.493652		86	-3.140563964	-4.688833237	-8.214122772	-44.5637207	2.397137739	25.74099898	1715.877914				
	-708.9163208	-444844.9913	-2737.460807	-2720.746367	-2649.929932		148	3.715057373	-22.43603897	5.792274475	6.272705078	683.87984	4.31483089	6.541561784				
	-708.9222412	-444848.7064	-2715.024768	-2726.538642	-2656.202637		68	3.44696045	65.35478306	12.85572815	52.93530273	3832.5785	88.52490963	2449.096022				
	-708.9277344	-444852.1533	-2780.379551	-2739.39437	-2709.137939		125	-6.93222046	-42.19312191	-17.87881851	-55.39794922	1243.331171	119.8280089	2348.926864				
	-708.916687	-444845.2211	-2738.186429	-2721.515552	-2653.73999		149	4.940643311	12.02724648	9.357021332	39.53149414	50.21994441	19.50439482	1196.526961				
	-708.9245605	-444850.1617	-2750.213675	-2730.872573	-2693.271484		14	-2.336273194	-4.467687607	-1.920783997	-26.24023438	4.5429274	0.172631273	571.3993601				
	-708.9208374	-444847.8255	-2745.745988	-2728.951789	-2667.03125		31	2.642669678	24.01217678	4.270637512	22.07763672	456.6558339	2.650279268	377.7179439				
	-708.9250488	-444850.4681	-2769.758165	-2733.222426	-2689.108887		180	4.481048584	10.92541763	28.61115265	12.3034668	41.52989243	582.2619222	61.1902267				
	-708.9321899	-444854.9492	-2780.683582	-2761.833579	-2701.412354		166	-10.41748047	-24.52794266	-45.19992828	-30.49682617	199.1051432	1209.818676	403.1801239				
	-708.9155884	-444844.5317	-2756.15564	-2716.633651	-2670.915527		x0	2.527770996	-17.65779591	8.21446991	-2.703857422	407.4571111	32.33854454	27.3699359				
	-708.9196167	-444847.0595	-2738.497844	-2724.848121	-2668.21167		29	1.953277588	27.40664434	1.854816437	17.22973633	647.8738792	0.009694598	233.3701916				
	-708.9227295	-444849.0128	-2765.904488	-2726.702937	-2685.441406		u2	2.297973633	-15.00015593	5.751232147	-27.59814453	299.2252862	11.92499437	893.7778813				
	-708.9263916	-444851.3107	-2750.904332	-2732.454169	-2657.843262		58	-3.829956055	-7.588008881	-1.580181122	24.23803711	14.12296104	5.061487249	787.8122403				
	-708.9202881	-444847.4808	-2743.316323	-2730.873988	-2682.081299		154	-0.68939209	-13.21837044	-13.4155426	-3.205078125	156.9752984	161.9549069	6.328676229				
	-708.9191895	-444846.7914	-2730.097953	-2717.458445	-2678.876221		20	2.83416748	15.22052956	16.97241592	-28.10107422	153.4219655	199.8900691	956.989179				
	-708.9237061	-444849.6255	-2745.318482	-2734.430861	-2650.775146		98	-0.880889893	7.481672287	-0.950439453	15.76367188	69.93244621	0.004837141	277.0414364				
	-708.9223022	-444848.7447	-2752.800155	-2733.480422	-2666.538818		33	4.059753418	13.45206022	10.50550461	-10.421875	88.21542711	41.5477084	209.7175616				
	-708.928772	-444852.8044	-2766.252215	-2743.985927	-2656.116943		52	-5.017242432	-41.09800673	-16.92015076	-8.503417969	1301.821552	141.6792266	12.15341987				
	-708.9207764	-444847.7872	-2725.154208	-2727.065776	-2647.613525		77	0.153198242	10.84939575	0.701999664	33.06616211	114.4086412	0.301183001	1083.263191				
	-708.9210205	-444847.9404	-2736.003604	-2727.767775	-2680.679688		83	7.085418701	49.04241848	31.12057495	24.18554688	1760.38983	577.688736	292.4143836				
	-708.932312	-444855.0258	-2785.046022	-2758.88835	-2704.865234		172	-9.919586181	-47.85447216	-38.35896301	-62.43920898	1439.055574	808.7981546	2758.310779				
	-708.9165039	-444845.1062	-2737.19155	-2720.529387	-2642.426025		144	8.042907715	46.25766468	32.62316513	23.46582031	1460.36765	604.1890546	237.866233				
	-708.9293213	-444853.1491	-2783.449215	-2753.152553	-2665.891846		46	-5.553436279	-21.69451046	-31.23783493	14.64770508	260.5342757	659.6883341	408.0861121				
	-708.9204712	-444847.5957	-2761.754704	-2721.914718	-2680.539551		u4	3.906555175	13.28809929	15.37858963	21.92700195	88.01336995	131.6075745	324.7365021				
	-708.9266968	-444851.5022	-2775.042804	-2737.293307	-2702.466553		128	-4.25125122	-35.89653778	-12.24463272	-60.23144531	1001.424162	63.89414782	3133.782131				
	-708.9199219	-444847.251	-2739.146266	-2725.048675	-2642.235107		138	5.974731445	43.45302582	27.27127075	24.69824219	1404.622549	453.5425864	350.5698545				
	-708.9294434	-444853.2257	-2782.599292	-2752.319945	-2666.93335		47	-3.370361328	-52.43071747	-25.08849716	-7.719726563	2406.918545	471.6774241	18.91697794				
	-708.9240723	-444849.8553	-2730.168574	-2727.231448	-2659.213623		63	-2.06817627	-0.252487183	0.024978638	-3.338134766	3.296726861	4.381297467	1.612794581				
	-708.9207764	-444847.7872	-2729.916087	-2727.256427	-2655.875488		79	-2.872467041	7.057361603	-6.940162659	-8.883544922	98.6014969	16.54614764	36.13305729				
	-708.9161987	-444844.9147	-2736.973449	-2720.316264	-2646.991943		147	5.361938477	8.379255295	14.73305893	3.211425781	9.104200782	87.81789854	4.624704853				
	-708.9247437	-444850.2766	-2745.352704	-2735.049323	-2650.203369		102	-0.536193847	22.56569874	-5.278831482	37.23144531	533.6974412	22.49261173	1426.394568				
	-708.9238892	-444849.7404	-2767.918403	-2729.770492	-2687.434814		u1	2.604370117	7.202202678	11.06143761	12.04003906	21.14006425	71.52199052	89.03184845				
	-708.9280396	-444852.3448	-2775.120605	-2740.831929	-2699.474854		117	-1.608581543	-32.03920841	-11.38679314	-40.47900391	926.0230516	95.61342196	1510.909735				
	-708.9254761	-444850.7362	-2743.081397	-2729.445136	-2658.99585		60	-2.221374511	-29.79557419	-2.941562653	-5.540039063	760.3364878	0.518670959	11.0135344				
	-708.921936	-444848.5149	-2713.285823	-2726.503573	-2653.455811		69	-2.566070557	24.6192646	-4.070026398	-12.81640625	739.0424477	2.261883171	105.0693818				
	-708.9178467	-444845.9488	-2737.905087	-2722.433547	-2640.639404		141	5.285339356	10.49845695	14.622612	38.59667969	27.1765951	87.18466042	1109.645395				
	-708.9262695	-444851.2341	-2748.403544	-2737.056159	-2679.236084		108	-2.872467041	-36.08324814	-10.60108185	-28.83984375	1102.955981	59.73148684	674.3046531				
	-708.9216919	-444848.3617	-2712.320296	-2726.455077	-2650.39624		70	3.178863526	43.09206963	11.93484306	40.40966797	1593.064021	76.66717767	1386.132799				
	-708.9267578	-444851.5405	-2755.412366	-2738.38992	-2690.805908		110	-5.361938477	-27.08895683	-19.28520012	-17.90551758	472.0633267	193.8572148	157.3413767				
	-708.9182129	-444846.1786	-2728.323409	-2719.10472	-2672.900391		25	2.566070556	19.51885605	12.8871727	5.718505859	287.396936	106.5251494	9.937848341				
	-708.9223022	-444848.7447	-2747.842265	-2731.991893	-2678.618896		92	5.936431885	34.61939907	24.53559017	22.79125977	822.7126066	345.928689	284.0852229				
	-708.9317627	-444854.6811	-2782.461664	-2756.527483	-2701.410156		173	-6.35772705	-37.12865734	-26.37922573	-4.506347656	946.8501509	400.8604094	3.427605661				
	-708.9216309	-444848.3234	-2745.333007	-2730.148257	-2696.903809		88	2.87246704	26.19871068	6.642341614	-6.365722656	544.1136423	14.2119543	85.34414887				
	-708.9262085	-444851.1958	-2771.531717	-2736.790599	-2690.538086		179	1.187286377	5.778938055	4.184669495	8.997070313	21.08326513	8.984305553	60.99272512				
	-708.9281006	-444852.3831	-2777.310656	-2740.975268	-2699.535156		1u	-8.311004638	-20.17872143	-23.80758286	-27.734375	140.8427018	240.1439364	377.2673162				
	-708.914856	-444844.0721	-2757.131934	-2717.167685	-2671.800781		x2	7.69821167	20.19388151	21.01515388	34.92651367	156.1417648	177.34095	741.3804299				
	-708.927124	-444851.7703	-2777.325816	-2738.182839	-2706.727295		127	0.03829956	-15.60586834	1.383646011	-8.679443359	244.7399893	1.809957073	75.99904161				
	-708.9271851	-444851.8086	-2761.719947	-2739.566485	-2698.047852		112	6.396026612	52.34793043	38.8832922	56.2331543	2111.577465	1055.422425	2483.739296				
	-708.9373779	-444858.2047	-2814.067878	-2778.449778	-2754.281006		2	-11.2600708	-54.09161568	-58.29456615	-76.36010742	1834.541236	2212.243753	4238.014768				
	-708.9194336	-444846.9446	-2759.976262	-2720.155211	-2677.920898		u5	3.485260009	-21.37384415	8.225730896	-18.75048828	617.9750594	22.47206423	494.428502				
	-708.9249878	-444850.4298	-2738.602418	-2728.380942	-2659.17041		61	-6.472625732	22.09240341	-9.100818634	17.33691406	815.96089	6.907397929	566.8941852				
	-708.9146729	-444843.9572	-2760.694821	-2719.280124	-2676.507324		x5	8.311004638	20.38121796	20.44563103	32.62426758	145.6900495	147.2491576	591.1347548				
	-708.9279175	-444852.2682	-2781.076039	-2739.725755	-2709.131592		124	-5.515136719	-45.92957115	-16.68265724	-40.03808594	1633.326511	124.7135146	1191.834023				
	-708.9191284	-444846.7531	-2735.146468	-2723.043097	-2669.093506		28	3.676757813	9.638908386	12.14261627	-17.64306641	35.54723946	71.67075946	454.5349047				
	-708.9249878	-444850.4298	-2744.785376	-2735.185714	-2651.450439		103	2.10647583	19.83176041	7.330753326	61.41479492	314.1857133	27.29307536	3517.476713				
	-708.9283447	-444852.5363	-2764.617137	-2742.516467	-2712.865234		11	-1.531982422	-9.282313347	3.205402374	-9.992431641	60.06762945	22.44281471	71.57920098				
	-708.9259033	-444851.0043	-2755.334824	-2745.721869	-2702.872803		159	-3.063964844	-38.80767918	-18.9776001	-59.42871094	1277.613114	253.243787	3176.984602				
	-708.9210205	-444847.9404	-2716.527144	-2726.744269	-2643.444092		74	0.497894287	29.85832024	3.832210541	51.9284668	862.0346119	11.11766488	2645.103789				
	-708.921814	-444848.4383	-2746.385465	-2730.57648	-2695.372559		89	4.749145508	29.9067111	16.8613739	-1.249755859	632.9031066	146.7060767	35.98681761				
	-708.9293823	-444853.1874	-2776.292176	-2747.437854	-2694.122803		176	-2.259674072	-21.47396421	-13.10066986	4.756591797	369.1889457	117.5271897	49.22798674				
	-708.9257813	-444850.9277	-2754.818211	-2734.337184	-2698.879395		13	-0.153198242	-11.50735092	1.156585693	-39.90258789	128.9167831	1.715533958	1580.013977				
	-708.9255371	-444850.7745	-2743.310861	-2735.49377	-2658.976807		105	1.646881103	17.17484283	16.2227726	36.94506836	241.1175955	212.4566129	1245.962024				
	-708.9281616	-444852.4214	-2760.485703	-2751.716542	-2695.921875		161	-0.689392089	-1.066063881	-13.51925468	9.615234375	0.141881638	164.6053742	106.1853266				
	-708.927063	-444851.732	-2759.41964	-2738.197288	-2705.537109		12	0.421295166	10.71641541	2.248054504	-4.600830078	105.9895007	3.33704968	25.22174197				
	-708.9277344	-444852.1533	-2770.136055	-2740.445342	-2700.936279		115	-4.098052979	-30.17119312	-12.01258469	-9.909179688	679.808637	62.63981215	33.76919363				
	-708.9212036	-444848.0553	-2739.964862	-2728.432757	-2691.0271		85	5.132141113	37.9595356	21.24986267	-25.26196289	1077.637829	259.7809482	923.8015582				
	-708.9293823	-444853.1874	-2777.924397	-2749.68262	-2665.765137		49	1.723480225	6.246358871	6.616603851	67.33203125	20.45643125	23.94265882	4304.481968				
	-708.9321289	-444854.9109	-2784.170756	-2756.299224	-2733.097168		8	-4.787445069	-25.25106621	-24.03840637	-67.03320313	418.7597901	370.5995111	3874.534396				
	-708.9244995	-444850.1234	-2758.91969	-2732.260817	-2666.063965		132	-1.838378906	4.847817898	-8.169937134	17.04833984	44.7052277	40.08862959	356.7081451				
	-708.9215698	-444848.2851	-2763.767508	-2724.09088	-2683.112305		u3	3.791656494	3.612773895	16.16061592	17.9387207	0.031998984	152.9911573	200.1394257				
	-708.9276123	-444852.0767	-2767.380282	-2740.251496	-2701.051025		114	-0.191497803	-11.30458784	-4.272199631	-45.60083008	123.5007702	16.65212741	2062.007458				
	-708.9273071	-444851.8852	-2756.075694	-2735.979297	-2655.450195		56	-5.744934082	-28.84684753	-18.46961212	20.13891602	533.6984051	161.9174312	669.9736959				
	-708.9181519	-444846.1403	-2727.228846	-2717.509685	-2675.589111		23	2.06817627	-15.11423874	8.911441803	-28.02294922	295.2353855	46.83028316	905.4758332				
	-708.9214478	-444848.2085	-2712.114608	-2726.421126	-2647.566162		71	2.068176269	40.76408005	16.16265297	54.68481445	1497.372969	198.6542735	2768.510614				
	-708.9247437	-444850.2766	-2752.878688	-2742.583779	-2702.250977		158	-4.978942871	3.460968971	-25.48888969	-30.18676758	71.2321119	420.6579187	635.4344265				
	-708.9168091	-444845.2977	-2756.339657	-2717.09489	-2672.064209		u8	4.634246826	-10.42647266	17.60492706	-21.8828125	226.8252716	168.2385458	703.1544353				
	-708.9241943	-444849.9319	-2745.913184	-2734.699817	-2650.181396		100	2.336273193	26.79343367	5.918722153	49.9921875	598.1526984	12.83394055	2271.086168				
	-708.9279175	-444852.2682	-2772.706618	-2740.618539	-2700.173584		116	-1.225585938	-5.386206865	4.714036942	-27.29077148	17.3107665	35.27911995	679.3938976				
	-708.9259644	-444851.0426	-2767.320411	-2745.332576	-2672.882813		38	1.685180664	13.17829108	7.922271729	-5.671142578	132.0915871	38.90130495	54.11549164				
	-708.9286499	-444852.7278	-2780.498702	-2753.254847	-2667.21167		43	2.719268799	7.939714432	9.594163895	41.67626953	27.2530526	47.26418258	1517.647906				
	-708.9329834	-444855.4471	-2788.438416	-2762.849011	-2708.887939		169	-0.076599121	-1.538986206	0.074870586	-1.488037109	2.138575987	0.022943072	1.992157196				
	-708.9328613	-444855.3705	-2786.89943	-2762.923882	-2707.399902		168	-9.000396729	-48.74270248	-39.67540121	-66.94311523	1579.450867	940.9559	3357.358628				
	-708.9185181	-444846.3701	-2738.156728	-2723.248481	-2640.456787		140	-1.072387695	-0.668638229	-2.235534668	1.267089844	0.163013631	1.35291088	5.473155156				
	-708.9168091	-444845.2977	-2737.48809	-2721.012946	-2641.723877		143	2.604370117	-2.988162994	6.743370056	32.65307617	31.2764266	17.13132049	902.9247356				
	-708.9209595	-444847.9021	-2734.499927	-2727.756316	-2674.376953		82	3.791656494	24.1839962	11.26209068	20.57006836	415.8475187	55.80738697	281.5151047				
	-708.927002	-444851.6937	-2758.683923	-2739.018407	-2694.947021		111	3.561859131	28.60488892	21.76599884	12.71264648	627.1533408	331.3907026	83.73690919				
	-708.9326782	-444855.2556	-2787.288812	-2760.784406	-2707.659668		171	-10.99197388	-30.7774601	-43.9930706	-36.53857422	391.465465	1089.072385	652.628789				
	-708.9151611	-444844.2636	-2756.511352	-2716.791335	-2671.121094		x1	0.612792969	-0.451458931	-0.065879822	0.091552734	1.132632106	0.460596757	0.271691382				
	-708.9161377	-444844.8764	-2756.059893	-2716.725455	-2671.212646		u9	7.583312989	24.08204937	24.03027916	31.56762695	272.2083022	270.5026962	575.2473164				
	-708.9282227	-444852.4597	-2780.141942	-2740.755734	-2702.780273		120	-4.710845947	-39.76497459	-14.71911049	-58.41723633	1228.791935	100.1653591	2884.376368				
	-708.9207153	-444847.7489	-2740.376967	-2726.036624	-2644.363037		137	0.268096924	-26.18357849	0.559127808	-0.395019531	699.6911323	0.084698975	0.439723433				
	-708.9211426	-444848.017	-2714.193389	-2726.595752	-2643.968018		73	2.144775391	47.8838439	13.77127457	25.04150391	2092.062388	135.1754831	524.2601767				
	-708.9245605	-444850.1617	-2762.077233	-2740.367026	-2669.009521		36	-0.68939209	-16.84586096	-6.207931519	-17.38134766	261.0314863	30.45427742	278.6213806				
	-708.9234619	-444849.4724	-2745.231372	-2734.159095	-2651.628174		97	2.987365723	35.59054184	6.342063904	53.61181641	1062.967093	11.25399988	2562.835007				
	-708.9282227	-444852.4597	-2780.821914	-2740.501159	-2705.23999		121	4.442749023	22.02822876	29.05862039	41.29272461	309.2490976	605.9411233	1357.920701				
	-708.9353027	-444856.9025	-2802.850142	-2769.559779	-2746.532715		5	-8.617401124	-53.50849152	-38.37430948	-79.85888672	2015.209997	885.4735949	5075.34927				
	-708.9215698	-444848.2851	-2749.341651	-2731.18547	-2666.673828		32	1.37878418	4.918590546	-0.38086319	-7.880859375	12.53022911	3.096358865	85.74099876				
	-708.9237671	-444849.6638	-2754.260241	-2730.804606	-2658.792969		133	6.664123536	42.73073006	34.70388412	83.76171875	1300.800106	786.2281739	5944.039188				
	-708.9343872	-444856.328	-2796.990972	-2765.508491	-2742.554688		6	-3.255462646	-13.68779182	-11.90654659	-77.49951172	108.8334921	74.84125345	5512.178823				
	-708.9291992	-444853.0725	-2783.30318	-2753.601944	-2665.055176		45	-4.327850342	-37.56289673	-25.46070576	-15.05932617	1104.568308	446.597578	115.1645735				
	-708.9223022	-444848.7447	-2745.740283	-2728.141238	-2649.99585		135	4.481048585	35.01178551	23.00157356	17.1105957	932.125897	343.0098455	159.5054604				
	-708.9294434	-444853.2257	-2780.752068	-2751.142812	-2667.106445		48	-1.493682861	-22.9662323	-2.3450737	33.23242188	461.0703794	0.72486636	1205.90235				
	-708.927063	-444851.732	-2757.785836	-2748.797738	-2700.338867		160	-3.715057373	-19.92290497	-20.81865501	-13.99975586	262.6943237	292.5330523	105.775023				
	-708.9211426	-444848.017	-2737.862931	-2727.979083	-2686.339111		84	1.148986816	8.354797363	5.422279358	-28.86425781	51.92370564	18.26102915	900.7948531				
	-708.9229736	-444849.166	-2746.217729	-2733.401362	-2657.474854		95	-0.382995605	-4.657751083	-8.760269165	28.04150391	18.2735344	70.1787123	807.9521725				
	-708.9223633	-444848.783	-2741.559977	-2724.641093	-2685.516357		16	-1.148986817	-6.876659393	-4.778514862	-4.188476563	32.80623314	13.17347383	9.238497915				
	-708.9205322	-444847.634	-2734.683318	-2719.862578	-2681.327881		u	0.153198242	-6.945034027	7.262413025	-30.14428711	50.38490135	50.54093483	917.9376186				
	-708.9207764	-444847.7872	-2727.738284	-2727.124991	-2651.183594		78	-3.829956055	30.29381943	-9.395095825	21.77246094	1164.432053	30.97078067	655.4837558				
	-708.9146729	-444843.9572	-2758.032103	-2717.729896	-2672.956055		x3	5.055541992	-11.01017952	15.22415543	-9.679931641	258.1074077	103.4006992	217.1341832				
	-708.9227295	-444849.0128	-2747.021924	-2732.954051	-2663.276123		94	0.191497803	2.75551033	-3.555160522	-9.609863281	6.574160242	14.0374486	96.06667909				
	-708.9230347	-444849.2043	-2749.777434	-2729.39889	-2653.66626		134	0.153198242	-26.99781036	-2.569961548	5.782470703	737.1772683	7.415599242	31.68870844				
	-708.9232788	-444849.3575	-2722.779624	-2726.828929	-2659.44873		65	-0.842590332	24.4259758	4.033535004	32.27294922	638.5004343	23.77659829	1096.63896				
	-708.921936	-444848.5149	-2747.2056	-2730.862464	-2691.72168		90	-1.072387695	-5.111055374	-4.026390076	-24.18188477	16.31083662	8.726130063	534.0488548				
	-708.9202271	-444847.4425	-2742.094544	-2726.836074	-2667.539795		30	10.95367432	73.12561607	53.29193115	87.90039063	3865.350342	1792.527992	5920.797151				
	-708.9376831	-444858.3961	-2815.22016	-2780.128005	-2755.440186		1	-13.86444092	-48.55791926	-57.49965668	-74.85522461	1203.63744	1904.032054	3719.875695				
	-708.9155884	-444844.5317	-2766.662241	-2722.628348	-2680.584961		x8	1.800079346	-8.239624262	-3.845409393	-5.081542969	100.7956485	31.8715431	47.35672568				
	-708.918457	-444846.3318	-2758.422617	-2718.782939	-2675.503418		u6	-0.459594727	-18.5697546	5.526771545	-11.64282227	327.9778907	35.83658114	125.0645782				
	-708.9177246	-444845.8722	-2739.852862	-2724.30971	-2663.860596		151	-1.953277588	19.36273766	-5.865921021	10.703125	454.3725059	15.30877863	160.1845265				
	-708.9146118	-444843.9189	-2759.2156	-2718.443789	-2674.563721		x4	8.464202881	0.763140678	21.4278717	-21.08398438	59.30635904	168.0567094	873.0953701				
	-708.9281006	-444852.3831	-2759.978741	-2739.871661	-2653.479736		54	-5.208740234	-27.90462971	-21.4824295	26.5090332	515.103399	264.8329625	1006.017152				
	-708.9197998	-444847.1744	-2732.074111	-2718.389232	-2679.98877		19	-0.68939209	0.167144775	3.106483459	-9.786132813	0.733655401	14.40867118	82.75069178				
	-708.9187012	-444846.485	-2732.241256	-2721.495715	-2670.202637		27	8.732299805	51.99983501	40.95832109	34.69213867	1872.079603	1038.516448	673.913234				
	-708.9326172	-444855.2173	-2784.241091	-2762.454036	-2704.894775		167	-2.79586792	-3.099559784	-22.21935701	2.460449219	0.092228748	377.2719286	27.62886987				
	-708.9281616	-444852.4214	-2781.141531	-2740.234679	-2707.355225		122	1.838378906	-1.077180862	13.55267048	-9.171875	8.500488765	137.224627	121.2256911				
	-708.9310913	-444854.2598	-2780.06435	-2753.78735	-2698.18335		174	-7.391815185	-38.27295971	-25.30928135	-22.19458008	953.6450871	321.0355937	219.1218485				
	-708.9193115	-444846.868	-2741.79139	-2728.478068	-2675.98877		153	3.217163086	3.918481827	6.366943359	-26.00439453	0.491847976	9.921115771	853.8994296				
	-708.9244385	-444850.0851	-2745.709872	-2734.845012	-2649.984375		101	-1.187286377	1.890651703	-2.358001709	20.66601563	9.473702825	1.370574388	477.5668084				
	-708.9225464	-444848.8979	-2747.600524	-2732.48701	-2670.650391		93	3.48526001	33.62571716	7.488939285	37.99267578	908.4471574	16.02944774	1190.761743				
	-708.9281006	-444852.3831	-2781.226241	-2739.975949	-2708.643066		123	-6.779022217	-43.51158142	-18.3065052	-67.51318359	1349.280906	132.882864	3688.638358				
	-708.9172974	-444845.6041	-2737.71466	-2721.669444	-2641.129883		142	3.829956055	7.950714111	5.974433899	47.71289063	16.98064696	4.598785224	1925.711947				
	-708.9234009	-444849.4341	-2745.665374	-2727.643878	-2688.842773		15	3.52355957	24.48127615	18.41851807	-29.46386719	439.2258844	221.8597886	1088.170324				
	-708.9290161	-444852.9576	-2770.14665	-2746.062396	-2659.378906		51	-1.876678467	-24.59541953	-9.680973053	12.83935547	516.1411953	60.90701399	216.5616548				
	-708.9260254	-444851.0809	-2745.55123	-2736.381423	-2672.218262		107	4.327850342	42.99803543	25.74728441	36.84765625	1495.383215	458.7921559	1057.537776				
	-708.9329224	-444855.4088	-2788.549266	-2762.128707	-2709.065918		170	-2.336273193	-24.77750492	-7.704843044	-16.98120117	503.6088815	28.82154225	214.4739155				
	-708.9291992	-444853.0725	-2763.771761	-2754.423864	-2692.084717		162	-0.612792969	14.53880405	-1.961497307	-22.10424805	229.5708923	1.819003392	461.8826414				
	-708.9282227	-444852.4597	-2778.310565	-2752.462367	-2669.980469		42	5.400238037	33.48836136	23.63180113	82.51489258	788.9426717	332.3898928	5946.669945				
	-708.9368286	-444857.86	-2811.798926	-2776.094168	-2752.495361		3	-9.613189697	-67.81842041	-46.5596118	-55.96826172	3387.848882	1365.038106	2148.792702				
	-708.9215088	-444848.2468	-2743.980506	-2729.534556	-2696.5271		87	1.455383301	15.25625801	8.540044785	-28.94824219	190.4641428	50.19242834	924.3804428				
	-708.9238281	-444849.7021	-2759.236764	-2738.074601	-2667.578857		35	8.808898925	56.29176903	43.01841164	88.24633789	2254.622953	1170.29076	6310.306709				
	-708.9378662	-444858.511	-2815.528533	-2781.093013	-2755.825195		0	-13.55804443	-78.62231064	-60.84957123	-112.4255371	4233.358737	2236.488507	9774.781108				
	-708.9162598	-444844.953	-2736.906222	-2720.243442	-2643.399658		145	3.140563965	-24.22333527	6.228755951	1.961669922	748.7829811	9.536929745	1.389791164				
	-708.9212646	-444848.0936	-2712.682887	-2726.472197	-2645.361328		72	4.366149903	66.30802059	14.46877098	55.33007813	3836.795344	102.0629526	2597.32198				
	-708.9282227	-444852.4597	-2778.990908	-2740.940968	-2700.691406		119	-4.289550781	-41.08386517	-18.9706707	-17.60009766	1353.821571	215.5352821	177.1706581				
	-708.9213867	-444848.1702	-2737.907042	-2721.970298	-2683.091309		17	5.974731445	39.49296856	29.57660294	44.05859375	1123.472219	557.0483379	1450.380568				
	-708.9309082	-444854.1449	-2777.400011	-2751.546901	-2727.149902		9	-3.217163086	-33.57576275	-15.73152542	-61.96606445	921.6445735	156.6092647	3451.433412				
	-708.9257813	-444850.9277	-2743.824248	-2735.815375	-2665.183838		106	2.412872314	26.90299773	11.14770317	55.0925293	599.766243	76.2972701	2775.14626				
	-708.9296265	-444853.3406	-2770.727246	-2746.963078	-2720.276367		10	0.421295166	7.323711634	3.776451111	-24.52294922	47.64335309	11.25707141	622.2153279				
	-708.9302979	-444853.7619	-2778.050958	-2750.73953	-2695.753418		175	-2.527770996	-6.129356861	-14.50528908	-0.474853516	12.97142075	143.4609394	4.21447018				
	-708.9262695	-444851.2341	-2771.921601	-2736.23424	-2695.278564		129	-3.370361328	-38.76287222	-8.568744659	-27.43676758	1252.629827	27.02318926	579.1919098				
	-708.9208984	-444847.8638	-2733.158729	-2727.665496	-2667.841797		81	4.289550781	24.8452692	10.22034264	-13.69091797	422.5375598	35.17429203	323.2972565				
	-708.9277344	-444852.1533	-2758.003998	-2737.885838	-2654.150879		55	-5.859832764	-28.0716753	-17.70015907	17.35180664	493.3659489	140.1933271	538.7802039				
	-708.918396	-444846.2935	-2729.932322	-2720.185679	-2671.502686		26	0.497894288	8.599328995	3.928401947	-30.59008789	65.63324431	11.7683828	966.4626359				
	-708.9191895	-444846.7914	-2738.531651	-2724.114081	-2640.912598		139	-2.719268799	23.92970276	-3.873840332	37.58886719	710.1676851	1.333035425	1624.745827				
	-708.914856	-444844.0721	-2762.461354	-2720.240241	-2678.501465		x6	4.557647705	-14.74925804	11.1797905	7.472412109	372.7566095	43.85277515	8.495851532				
	-708.9221191	-444848.6298	-2747.712096	-2731.420031	-2685.973877		91	0.68939209	-2.203598022	2.390075684	-32.31518555	8.369391788	2.892324687	1089.302145				
	-708.9232178	-444849.3192	-2745.508498	-2733.810107	-2653.658691		96	-1.493682862	-13.81798935	-6.333999634	7.874267578	151.8885304	23.42866646	87.75849544				
	-708.9208374	-444847.8255	-2731.690509	-2727.476108	-2661.532959		80	4.059753418	41.53639817	12.87685204	30.25292969	1404.498902	77.74122802	686.0824831				
	-708.9273071	-444851.8852	-2773.226907	-2740.35296	-2691.785889		178	-2.987365723	-55.95578599	-13.75797081	-33.61865234	2805.653546	116.0059339	938.27572				
	-708.9225464	-444848.8979	-2717.271121	-2726.594989	-2658.167236		67	0.68939209	9.002880096	0.423179626	1.177001953	69.11408283	0.070869076	0.237763378				
	-708.923645	-444849.5872	-2726.274001	-2727.018168	-2659.344238		64	2.029876709	27.49568653	7.159152985	-2.557373047	648.5074699	26.30947511	21.04286032				
	-708.9268799	-444851.6171	-2753.769688	-2734.177321	-2656.786865		57	-1.838378906	-8.159089088	0.432769775	-6.353271484	39.95137721	5.158116334	20.38425499				
	-708.9239502	-444849.7787	-2745.610599	-2734.610091	-2650.433594		99	0.842590332	19.11920786	8.163433075	20.49487305	334.0347482	53.59473846	386.2122159				
	-708.925293	-444850.6213	-2764.729806	-2742.773524	-2670.928467		37	-0.114898682	-1.074542999	-9.087348938	4.486328125	0.920917216	80.5048636	21.17128813				
	-708.9251099	-444850.5064	-2763.655263	-2733.686175	-2675.414795		131	1.4553833	15.40706396	5.200975418	33.18383789	194.6493933	14.02946031	1006.694831				
	-708.9274292	-444851.9618	-2779.062327	-2738.887151	-2708.598633		126	0.612792969	-4.367239952	5.051673889	-15.67602539	24.80072789	19.70366383	265.3256035				
	-708.9284058	-444852.5746	-2774.695087	-2743.938825	-2692.922607		177	-7.085418701	-35.66746807	-21.2385006	-34.50390625	816.9335462	200.3097271	751.7734595				
	-708.9171143	-444845.4892	-2739.027619	-2722.700324	-2658.418701		150	4.059753418	11.2983799	16.76207542	40.38842773	52.39771331	161.3489843	1319.772578				
	-708.923584	-444849.549	-2750.325999	-2739.462399	-2698.807129		157	-1.302185059	-7.779253006	-12.40465736	-51.80297852	41.95240919	123.2648913	2550.33014				
	-708.9215088	-444848.2468	-2742.546746	-2727.057742	-2647.00415		136	-3.370361328	-5.753881454	-6.894100189	-2.144287109	5.681168193	12.41673556	1.50325799				
	-708.9161377	-444844.8764	-2736.792865	-2720.163642	-2644.859863		146	4.327850342	19.33233261	15.61806488	21.92260742	225.1344882	127.4689443	309.5754767				
	-708.9230347	-444849.2043	-2756.125197	-2735.781707	-2666.782471		34	2.949066163	19.52625656	15.49502945	5.849365234	274.8032415	157.4011948	8.411734706				
	-708.9277344	-444852.1533	-2775.651454	-2751.276736	-2672.631836		41	-1.263885499	-7.574087739	-16.25343323	13.1081543	39.81865231	224.6865411	206.5555279				
	-708.9257202	-444850.8894	-2768.077366	-2735.023303	-2685.73999		130	-2.068176269	-20.32068574	1.387809753	7.986572266	333.1541021	11.94383939	101.0979681				
	-708.9224243	-444848.8213	-2747.75668	-2736.411113	-2693.726563		156	-0.957489014	-28.43450356	-9.527931213	-49.90039063	754.9863281	73.4524795	2395.407618				
	-708.9208984	-444847.8638	-2719.322177	-2726.883182	-2643.826172		75	-2.987365723	49.69178855	-2.70154953	35.62768555	2775.093295	0.081690896	1491.122185				
	-708.9161377	-444844.8764	-2769.013965	-2724.181632	-2679.453857		x9	1.455383301	-28.30368507	2.093276978	-9.627441406	885.6021503	0.406908342	122.8290035				
	-708.918457	-444846.3318	-2740.71028	-2726.274909	-2669.826416		152	8.272705078	35.66851568	34.43289089	27.30957031	750.5304387	684.3553218	362.402238				
	-708.9316406	-444854.6045	-2776.378796	-2760.7078	-2697.135986		165	-3.561859131	-29.06936979	-29.86872387	-38.5690918	650.6331001	692.0511323	1225.506339				
	-708.9259644	-444851.0426	-2747.309426	-2730.839076	-2658.566895		59	-1.953277587	-27.50602913	-4.16443634	0.619140625	652.9431113	4.889223031	6.617335459				
	-708.9228516	-444849.0894	-2719.803397	-2726.67464	-2659.186035		66	1.493682861	24.02440262	8.637657166	-4.885498047	507.6333328	51.03636887	40.69394905				
	-708.9252319	-444850.583	-2743.8278	-2735.312297	-2654.300537		104	6.855621338	64.19989777	37.7988112	95.62036133	3288.366039	957.4809987	7879.179065				
	-708.9361572	-444857.4387	-2808.027698	-2773.111108	-2749.920898		4	-1.800079346	-17.25914192	-12.07181764	-11.78369141	238.9826157	105.5086075	99.67250977				
	-708.9332886	-444855.6386	-2790.768556	-2761.03929	-2738.137207		7	-9.15359497	-62.14093208	-43.98927307	-60.2980957	2807.657894	1213.524469	2615.759955				
	-708.9187012	-444846.485	-2728.627624	-2717.050017	-2677.839111		21	3.676757813	5.657909393	10.60570526	-18.65283203	3.924961586	48.01031275	498.6105826				
	-708.9245605	-444850.1617	-2734.285533	-2727.655723	-2659.186279		62	1.800079345	30.30193996	12.31810951	40.92138672	812.3560588	110.6289586	1530.476691				
	-708.9274292	-444851.9618	-2764.587473	-2739.973832	-2700.107666		113	-4.136352539	-42.31250286	-12.98119926	-54.9230957	1457.418453	78.2313136	2579.293281				
	-708.9208374	-444847.8255	-2722.27497	-2726.992633	-2645.18457		76	5.821533203	45.2773397	29.8875351	45.78808594	1556.760666	579.1724471	1597.325337				
	-708.9301147	-444853.647	-2767.55231	-2756.880168	-2690.972656		163	-2.259674072	-15.65112281	-19.14978409	-5.420166016	179.3308993	285.2758164	9.988709327				
	-708.9265137	-444851.3873	-2751.901187	-2737.730384	-2685.55249		109	0.459594727	20.89805412	11.9601326	-11.37475586	417.7306225	132.2623714	140.0518538				
	-708.9272461	-444851.8469	-2772.799241	-2749.690516	-2674.177734		40	-5.744934082	-45.36414909	-31.48106003	0.112060547	1569.682198	662.3481787	34.30438609				
	-708.9180908	-444846.102	-2727.435092	-2718.209456	-2674.289795		24	6.817321778	54.79801273	35.43053627	-8.899902344	2302.146705	818.7160436	247.0311341				
	-708.9289551	-444852.9193	-2782.233105	-2753.639993	-2665.389893		44	-0.306396484	-19.42114735	-11.73814011	-11.34472656	365.3737005	130.6847622	121.8447309				
	-708.9284668	-444852.6129	-2762.811957	-2741.901853	-2654.045166		53	-4.481048585	-17.45933914	-8.38094902	33.96777344	168.4360258	15.20922341	1478.311915				
	-708.9213257	-444848.1319	-2745.352618	-2733.520904	-2688.012939		155	-3.868255615	19.11218548	-12.16862488	-7.947509766	528.1006728	68.8961299	16.64031443				
	-708.9151611	-444844.2636	-2764.464804	-2721.352279	-2680.06543		x7	1.493682862	-7.308602333	-3.580825806	-6.559570313	77.48022465	25.75063821	64.85488668				
	-708.9175415	-444845.7573	-2757.156201	-2717.771453	-2673.505859		u7	8.38760376	14.71654606	41.24440384	19.56689453	40.05551062	1079.569311	124.9765422				
	-708.9309082	-444854.1449	-2771.872747	-2759.015857	-2693.072754		164	-10.72387695	-23.56642818	-84.83030981	-35.95654297	164.9311221	5491.763391	636.6874343				
	-708.9138184	-444843.421	-2748.306319	-2674.185547	-2657.116211			-11.10687256	-19.50826263	-11.23535156	1.447998047	70.5833552	0.016506854	157.6247759				
	-708.8961182	-444832.3141	-2728.798057	-2662.950195	-2658.564209			-0.574493408	-17.46406555	13.81616211	25.48657227	285.2576472	207.0909662	679.1791441				
	-708.8952026	-444831.7397	-2711.333991	-2676.766357	-2684.050781			20.60516357	54.83184409	17.72729492	34.09155273	1171.465659	8.282127982	181.8826926				
	-708.9280396	-444852.3448	-2766.165835	-2694.493652	-2718.142334			-6.779022217	-70.89040732	-44.5637207	-84.87036133	4110.2697	1427.68344	6098.257244				
	-708.9172363	-444845.5658	-2695.275428	-2649.929932	-2633.271973			-2.489471436	56.51714325	6.272705078	41.83813477	3481.780577	76.77573727	1964.936672				
	-708.913269	-444843.0763	-2751.792571	-2656.202637	-2675.110107			0.765991211	4.812151909	52.93530273	-2.658691406	16.37141639	2721.637065	11.72845103				
	-708.9144897	-444843.8423	-2756.604723	-2709.137939	-2672.451416			-1.4553833	-5.9611063	-55.39794922	-5.493896484	20.30153975	2909.800418	16.30958874				
	-708.9121704	-444842.3869	-2750.643617	-2653.73999	-2666.95752			-2.719268799	-26.19474602	39.53149414	-27.29467773	551.0980306	1785.126969	603.9507243				
	-708.9078369	-444839.6677	-2724.448871	-2693.271484	-2639.662842			5.247039795	34.36739254	-26.24023438	38.84204102	847.994944	991.4484346	1128.624107				
	-708.9161987	-444844.9147	-2758.816263	-2667.03125	-2678.504883			-1.876678467	-65.82054424	22.07763672	-55.22143555	4088.81797	573.809216	2845.663108				
	-708.913208	-444843.038	-2692.995719	-2689.108887	-2623.283447			-11.2600708	19.14319992	12.3034668	50.88354492	924.3588705	555.2403041	3861.828975				
	-708.8952637	-444831.778	-2712.138919	-2701.412354	-2674.166992			3.753356933	4.721611023	-30.49682617	-13.29370117	0.937515982	1173.075043	290.60219				
	-708.9012451	-444835.5313	-2716.86053	-2670.915527	-2660.873291			6.549224854	5.903259277	-2.703857422	27	0.417271526	85.6195316	418.2342041				
	-708.9116821	-444842.0805	-2722.763789	-2668.21167	-2687.873291			-2.910766602	8.211902618	17.22973633	-36.43383789	123.7137706	405.6398583	1123.796309				
	-708.9070435	-444839.1698	-2730.975692	-2685.441406	-2651.439453			1.685180664	-3.926357269	-27.59814453	52.40844727	31.48935798	857.5131345	2572.849775				
	-708.909729	-444840.8549	-2727.049334	-2657.843262	-2703.8479			1.187286377	-1.704166412	24.23803711	-11.92797852	8.360499233	531.3371093	172.0101732				
	-708.9116211	-444842.0422	-2725.345168	-2682.081299	-2691.919922			-0.957489014	12.33713531	-3.205078125	-27.3972168	176.7470361	5.051656811	699.0592052				
	-708.9100952	-444841.0847	-2737.682303	-2678.876221	-2664.522705			1.340484619	0.091104507	-28.10107422	-5.919921875	1.560950664	866.8053868	52.71350246				
	-708.9122314	-444842.4252	-2737.773408	-2650.775146	-2658.602783			-4.749145508	-26.89632988	15.76367188	6.955322266	490.4977756	420.775677	136.9945659				
	-708.9046631	-444837.6761	-2710.877078	-2666.538818	-2665.558105			-6.31942749	18.00216293	-10.421875	-6.21875	591.5397607	16.83007557	0.010135957				
	-708.8945923	-444831.3567	-2728.879241	-2656.116943	-2659.339355			9.268493652	10.91453934	-8.503417969	-1.689453125	2.709466398	315.8408427	120.0765976				
	-708.9093628	-444840.6252	-2739.79378	-2647.613525	-2657.649902			2.489471436	-6.619186401	33.06616211	3.931152344	82.9676476	934.9340125	2.07844384				
	-708.9133301	-444843.1146	-2733.174594	-2680.679688	-2661.581055			-7.506713867	0.149459839	24.18554688	-24.13769531	58.61699582	1004.399391	276.5895438				
	-708.9013672	-444835.6079	-2733.324054	-2704.865234	-2637.443359			10.30258179	19.20371246	-62.43920898	47.62890625	79.23012732	5291.368125	1393.254498				
	-708.9177856	-444845.9105	-2752.527766	-2642.426025	-2685.072266			-10.8770752	-37.23935318	23.46582031	-31.42260742	694.9697005	1179.434472	422.1188945				
	-708.9004517	-444835.0334	-2715.288413	-2665.891846	-2653.649658			-0.497894287	15.4369812	14.64770508	7.618164063	253.9202568	229.3891801	65.87040313				
	-708.8996582	-444834.5355	-2730.725394	-2680.539551	-2661.267822			1.034088134	-17.5845871	21.92700195	-3.163085938	346.6550674	436.5138478	17.61627019				
	-708.9013062	-444835.5696	-2713.140807	-2702.466553	-2658.104736			7.889709473	36.48303986	-60.23144531	9.692138672	817.5785424	4640.491729	3.248751017				
	-708.9138794	-444843.4593	-2749.623847	-2642.235107	-2667.796875			-9.115295411	-37.84188461	24.69824219	-6.932373047	825.2169272	1143.355325	4.765150046				
	-708.899353	-444834.344	-2711.781962	-2666.93335	-2660.864502			6.587524414	18.49091339	-7.719726563	-22.63745117	141.6906691	204.6974305	854.099198				
	-708.9098511	-444840.9315	-2730.272876	-2659.213623	-2638.227051			-3.944854736	-14.7612114	-3.338134766	18.85327148	116.9935714	0.368109122	519.7545592				
	-708.9035645	-444836.9867	-2715.511664	-2655.875488	-2657.080322			12.63885498	17.699543	-8.883544922	-5.139160156	25.61056323	463.2136975	316.0578222				
	-708.9237061	-444849.6255	-2733.211207	-2646.991943	-2651.941162			-14.24743652	-15.22138596	3.211425781	6.386962891	0.948577497	304.811873	425.7784392				
	-708.901001	-444835.3781	-2717.989821	-2650.203369	-2658.328125			-4.86404419	11.94737625	37.23144531	2.300048828	282.6238572	1772.030236	51.32422877				
	-708.8932495	-444830.5141	-2729.937198	-2687.434814	-2660.628174			4.481048585	-29.52639389	12.04003906	-49.67700195	1156.506144	57.13833705	2933.094438				
	-708.9003906	-444834.9951	-2700.410804	-2699.474854	-2610.951172			4.90234375	27.59562302	-40.47900391	41.10351563	514.9849239	2059.466715	1310.524845				
	-708.9082031	-444839.8975	-2728.006427	-2658.99585	-2652.054688			-9.498291016	-4.438690186	-5.540039063	-51.63818359	25.59956056	15.66775852	1775.770546				
	-708.8930664	-444830.3992	-2723.567737	-2653.455811	-2600.416504			10.57067871	2.653045654	-12.81640625	56.41479492	62.68891322	546.955743	2101.682991				
	-708.9099121	-444840.9698	-2726.220782	-2640.639404	-2656.831299			-0.65109253	-34.73231888	38.59667969	-47.43261719	1161.529989	1540.387624	2188.511049				
	-708.9088745	-444840.3188	-2691.488463	-2679.236084	-2609.398682			-0.574493408	44.95163727	-28.83984375	59.30541992	2072.628574	798.93003	3585.60402				
	-708.907959	-444839.7443	-2736.440101	-2650.39624	-2668.704102			10.34088135	6.475294113	40.40966797	-3.937255859	14.94276467	904.1319289	203.8652021				
	-708.9244385	-444850.0851	-2742.915395	-2690.805908	-2664.766846			-18.80508423	-30.47008705	-17.90551758	20.32885742	136.0722909	0.809220159	1531.465389				
	-708.8944702	-444831.2801	-2712.445308	-2672.900391	-2685.095703			2.604370117	-8.034130096	5.718505859	-75.03173828	113.1776868	9.697841421	6027.365327				
	-708.8986206	-444833.8844	-2704.411178	-2678.618896	-2610.063965			-1.570281982	30.84731293	22.79125977	19.3828125	1050.90046	593.4847163	439.0321684				
	-708.8961182	-444832.3141	-2735.258491	-2701.410156	-2629.446777			0.536193848	-26.35372162	-4.506347656	-21.24316406	723.0675538	25.42722482	474.340431				
	-708.8969727	-444832.8503	-2708.904769	-2696.903809	-2608.203613			12.79205322	32.27970123	-6.365722656	67.9296875	379.768425	367.0203766	3040.158714				
	-708.9173584	-444845.6424	-2741.18447	-2690.538086	-2676.133301			-16.8901062	-4.879116058	8.997070313	-18.43481445	144.2638842	670.1459078	2.386123584				
	-708.8904419	-444828.7523	-2736.305354	-2699.535156	-2657.698486			13.94104004	-9.632289886	-27.734375	22.10449219	555.7018838	1736.840219	66.64195098				
	-708.9126587	-444842.6933	-2726.673064	-2671.800781	-2679.802979			2.374572753	8.328044891	34.92651367	-15.73217773	35.4438305	1059.628858	327.8544132				
	-708.9164429	-444845.0679	-2735.001109	-2706.727295	-2664.070801			4.710845947	5.977073669	-8.679443359	-14.25366211	1.603332644	179.2998477	359.6525658				
	-708.9239502	-444849.7787	-2740.978183	-2698.047852	-2649.817139			-16.6986084	-4.912460327	56.2331543	-17.93676758	138.9132864	5319.04201	1.533038154				
	-708.8973389	-444833.0801	-2736.065722	-2754.281006	-2631.880371			4.634246826	1.802532196	-76.36010742	11.6105957	8.018607745	6560.08542	48.66944366				
	-708.9047241	-444837.7144	-2737.868255	-2677.920898	-2643.490967			13.02185059	18.81522179	-18.75048828	63.94165039	33.56314987	1009.481517	2592.826012				
	-708.9254761	-444850.7362	-2756.683476	-2659.17041	-2707.432617			-8.885498047	-34.17704201	17.33691406	-25.52001953	639.6621959	687.6148968	276.707305				
	-708.9113159	-444841.8507	-2722.506434	-2676.507324	-2681.912598			-5.361938477	7.819458008	32.62426758	-40.48266602	173.7492133	1442.95185	1233.465503				
	-708.902771	-444836.4888	-2730.325892	-2709.131592	-2641.429932			6.817321778	11.68416214	-40.03808594	14.18481445	23.68613511	2195.429232	54.27994832				
	-708.9136353	-444843.3061	-2742.010055	-2669.093506	-2655.614746			-8.081207276	-11.115242	-17.64306641	24.2434082	9.205366736	91.42915004	1044.880766				
	-708.9007568	-444835.2249	-2730.894813	-2651.450439	-2679.858154			-0.076599121	-13.81802368	61.41479492	-24.57080078	188.826749	3781.191541	599.965915				
	-708.9006348	-444835.1483	-2717.076789	-2712.865234	-2655.287354			-2.834167481	-6.878410339	-9.992431641	27.10546875	16.3559003	51.24074578	896.3818176				
	-708.8961182	-444832.3141	-2710.198379	-2702.872803	-2682.392822			8.311004638	16.13811111	-59.42871094	-29.56518555	61.26359579	4588.669066	1434.605783				
	-708.9093628	-444840.6252	-2726.33649	-2643.444092	-2652.827637			-2.987365722	-4.074478149	51.9284668	4.570068359	1.181813429	3015.748661	57.1148099				
	-708.9046021	-444837.6378	-2722.262011	-2695.372559	-2657.397705			5.783233643	26.97599792	-1.249755859	4.376220703	449.1332579	49.46294134	1.979685412				
	-708.9138184	-444843.421	-2749.238009	-2694.122803	-2661.773926			-7.928009033	-13.54047012	4.756591797	24.10913086	31.49971949	160.8990982	1026.378333				
	-708.9011841	-444835.493	-2735.697539	-2698.879395	-2685.883057			-7.200317383	4.322072983	-39.90258789	-44.01806641	132.7654797	1069.438496	1355.546643				
	-708.8897095	-444828.2927	-2740.019612	-2658.976807	-2641.86499			8.234405518	-32.9270916	36.94506836	25.38745117	1694.268845	824.3021608	294.2269752				
	-708.902832	-444836.5271	-2707.092521	-2695.921875	-2667.252441			21.33285522	104.9460945	9.615234375	85.27636719	6991.173784	137.3026384	4088.772722				
	-708.9368286	-444857.86	-2812.038615	-2705.537109	-2752.528809			-20.52856445	-84.90670776	-4.600830078	-108.092041	4144.545336	253.6927223	7667.362428				
	-708.9041138	-444837.3314	-2727.131907	-2700.936279	-2644.436768			-8.119506836	7.021923065	-9.909179688	16.08520508	229.2628995	3.202928916	585.8680788				
	-708.8911743	-444829.2119	-2734.15383	-2691.0271	-2660.521973			17.46459961	-36.28126526	-25.26196289	-30.30517578	2888.61799	1825.559143	2281.951441				
	-708.9190063	-444846.6765	-2697.872565	-2665.765137	-2630.216797			-8.196105957	20.73462677	67.33203125	27.95214844	836.9872961	5704.49951	1306.696296				
	-708.9059448	-444838.4804	-2718.607192	-2733.097168	-2658.168945			-7.200317383	-5.629722595	-67.03320313	20.24951172	2.466767987	3579.974216	753.4931177				
	-708.8944702	-444831.2801	-2712.977469	-2666.063965	-2678.418457			10.14938355	21.63307571	17.04833984	-38.23120117	131.8751858	47.59559801	2340.680978				
	-708.9106445	-444841.4294	-2734.610545	-2683.112305	-2640.187256			-1.302185059	-12.39552689	17.9387207	21.30908203	123.0622329	370.2124545	511.2693994				
	-708.9085693	-444840.1273	-2722.215018	-2701.051025	-2661.496338			-9.919586182	3.806228638	-45.60083008	-59.73144531	188.3979925	1273.151166	2481.22131				
	-708.8927612	-444830.2077	-2726.021247	-2655.450195	-2601.764893			6.587524414	12.83042526	20.13891602	58.01635742	38.973811	183.6402143	2644.924865				
	-708.9032593	-444836.7952	-2738.851672	-2675.589111	-2659.78125			6.625823975	11.55053711	-28.02294922	13.24194336	24.25279945	1200.537484	43.77303571				
	-708.9138184	-444843.421	-2750.402209	-2647.566162	-2673.023193			-7.391815186	-13.79889297	54.68481445	6.216064453	41.05064579	3853.507947	185.1743883				
	-708.9020386	-444836.0292	-2736.603316	-2702.250977	-2679.239258			8.617401124	-4.731815338	-30.18676758	-19.28149414	178.2015801	1505.763509	778.348357				
	-708.9157715	-444844.6466	-2731.871501	-2672.064209	-2659.957764			-1.800079346	18.44917297	-21.8828125	9.457763672	410.0322195	403.3161709	126.7390294				
	-708.9129028	-444842.8465	-2750.320674	-2650.181396	-2669.415527			-5.974731445	-42.96453094	49.9921875	-4.284423828	1368.245267	3132.296016	2.857139841				
	-708.9033813	-444836.8718	-2707.356143	-2700.173584	-2665.131104			11.10687256	33.84427261	-27.29077148	-29.37011719	516.9893613	1474.379068	1638.386699				
	-708.9210815	-444847.9787	-2741.200416	-2672.882813	-2635.760986			-15.54962158	-29.73938751	-5.671142578	33.71801758	201.3494572	97.58434742	2427.300268				
	-708.8963013	-444832.429	-2711.461028	-2667.21167	-2669.479004			16.04751587	1.793907166	41.67626953	-37.95214844	203.1653611	656.8330143	2915.963745				
	-708.921875	-444848.4766	-2713.254935	-2708.887939	-2631.526855			1.4553833	26.45921135	-1.488037109	29.81494141	625.1914171	8.663723709	804.264536				
	-708.9241943	-444849.9319	-2739.714147	-2707.399902	-2661.341797			-9.613189697	-13.19761848	-66.94311523	-23.27075195	12.84812973	3286.720362	186.5290068				
	-708.9088745	-444840.3188	-2726.516528	-2640.456787	-2638.071045			-7.315216064	-16.54260635	1.267089844	42.19262695	85.14473156	73.65597469	2451.02652				
	-708.8972168	-444833.0035	-2709.973922	-2641.723877	-2680.263672			9.84298706	18.14550018	32.65307617	-7.544921875	68.93172415	520.3001653	302.3393771				
	-708.9129028	-444842.8465	-2728.119422	-2674.376953	-2672.71875			0.153198242	1.795043945	20.57006836	-6.267333984	2.695657313	416.8485854	41.22323407				
	-708.913147	-444842.9997	-2729.914466	-2694.947021	-2666.451416			-2.719268799	-3.099643707	12.71264648	-14.82373047	0.144685071	238.1440093	146.5179923				
	-708.9088135	-444840.2805	-2726.814822	-2707.659668	-2651.627686			7.391815185	-23.17168808	-36.53857422	-23.62573242	934.1277318	1929.879113	962.0882596				
	-708.9205933	-444847.6723	-2703.643134	-2671.121094	-2628.001953			-6.089630126	19.95474625	0.091552734	45.04199219	678.3095406	38.20702156	2614.4428				
	-708.9108887	-444841.5826	-2723.59788	-2671.212646	-2673.043945			-6.357727051	-5.532390594	31.56762695	-16.52514648	0.681180267	1438.332476	103.3764179				
	-708.9007568	-444835.2249	-2718.06549	-2702.780273	-2656.518799			23.28613281	97.46304321	-58.41723633	99.30639648	5502.214037	6675.440529	5779.080489				
	-708.9378662	-444858.511	-2815.528533	-2644.363037	-2755.825195			-16.20071411	-91.66337585	-0.395019531	-66.60302734	5694.613317	249.8199812	2540.393179				
	-708.9120483	-444842.3103	-2723.865157	-2643.968018	-2689.222168			-7.162017822	3.69052887	25.04150391	-15.79663086	117.7777697	1037.066812	74.55654231				
	-708.9006348	-444835.1483	-2727.555686	-2669.009521	-2673.425537			-1.761779785	1.961746216	-17.38134766	-14.3034668	13.86464588	243.9709005	157.2939131				
	-708.8978271	-444833.3865	-2729.517432	-2651.628174	-2659.12207			1.608581543	-13.17583084	53.61181641	-5.356933594	218.5788495	2704.336436	48.51840112				
	-708.9003906	-444834.9951	-2716.341601	-2705.23999	-2653.765137			4.136352539	1.663528442	41.29272461	37.51318359	6.114859013	1380.595985	1114.012851				
	-708.9069824	-444839.1315	-2718.00513	-2746.532715	-2691.27832			6.932220459	22.84624481	-79.85888672	-48.55102539	253.2561711	7532.696285	3078.39057				
	-708.9180298	-444846.0637	-2740.851375	-2666.673828	-2642.727295			-9.84298706	-43.94507217	-7.880859375	-31.91870117	1162.952209	3.849945054	487.3371535				
	-708.9023438	-444836.2207	-2696.906302	-2658.792969	-2610.808594			-5.859832764	32.67505646	83.76171875	-2.024169922	1484.937687	8032.022496	14.71230944				
	-708.8930054	-444830.3609	-2729.581359	-2742.554688	-2608.784424			12.79205322	-5.243896484	-77.49951172	64.48876953	325.2954818	8152.5667	2672.550477				
	-708.9133911	-444843.1529	-2724.337462	-2665.055176	-2673.273193			-6.089630127	14.93677521	-15.05932617	-20.62939453	442.1097213	80.45544714	211.4047489				
	-708.9036865	-444837.0633	-2739.274238	-2649.99585	-2652.643799			-0.421295166	-21.18503571	17.1105957	10.08056641	431.1329212	307.3671975	110.2890965				
	-708.9030151	-444836.642	-2718.089202	-2667.106445	-2662.724365			19.609375	79.87871361	33.23242188	79.91699219	3632.393176	185.5874062	3637.008691				
	-708.9342651	-444856.2514	-2797.967915	-2700.338867	-2742.641357			-14.82192993	-70.57892418	-13.99975586	-43.21166992	3108.842408	0.675970204	805.9773367				
	-708.9106445	-444841.4294	-2727.388991	-2686.339111	-2699.429688			0.268096923	-35.25088501	-28.86425781	-84.9387207	1261.598078	848.6940925	7260.20177				
	-708.9110718	-444841.6975	-2692.138106	-2657.474854	-2614.490967			16.62200928	122.6566925	28.04150391	140.4645996	11243.35405	130.4048576	15336.98718				
	-708.937561	-444858.3195	-2814.794799	-2685.516357	-2754.955566			-22.55844116	-82.61545944	-4.188476563	-90.36572266	3606.845445	337.4555994	4597.827424				
	-708.9016113	-444835.7611	-2732.179339	-2681.327881	-2664.589844			-0.727691651	-10.86274338	-30.14428711	-4.728515625	102.7192735	865.3360884	16.00659247				
	-708.9004517	-444835.0334	-2721.316596	-2651.183594	-2659.861328			20.10726929	67.15468216	21.77246094	75.99584961	2213.459058	2.772863233	3123.53341				
	-708.9324951	-444855.1407	-2788.471278	-2672.956055	-2735.857178			-9.498291016	-30.06912518	-9.679931641	-50.18969727	423.159218	0.032993317	1655.790543				
	-708.9173584	-444845.6424	-2758.402153	-2663.276123	-2685.66748			-10.64727783	-39.83498478	-9.609863281	-30.04345703	851.9222369	1.07622895	376.2117675				
	-708.9003906	-444834.9951	-2718.567168	-2653.66626	-2655.624023			10.83877563	37.55220127	5.782470703	30.50634766	713.6071093	25.56621956	386.8133892				
	-708.9176636	-444845.8339	-2756.119369	-2659.44873	-2686.130371			-0.497894287	3.174593925	32.27294922	-3.346191406	13.48716967	1073.928184	8.11279648				
	-708.9168701	-444845.336	-2759.293963	-2691.72168	-2682.78418			-1.646881104	-32.87078476	-24.18188477	-17.78613281	974.9321595	507.82639	260.4754457				
	-708.9142456	-444843.6891	-2726.423179	-2667.539795	-2664.998047			0.65109253	-32.27909088	87.90039063	-33.81347656	1084.396979	7612.440018	1187.806523				
	-708.9152832	-444844.3402	-2694.144088	-2755.440186	-2631.18457			-15.28152466	47.92820168	-74.85522461	4.089599609	3995.469503	3549.025726	375.2404554				
	-708.8909302	-444829.0587	-2742.072289	-2680.584961	-2635.27417			2.604370117	-8.022890091	-5.081542969	-10.03710938	112.9386595	59.07325996	159.8070038				
	-708.8950806	-444831.6631	-2734.049399	-2675.503418	-2625.237061			-0.919189453	-13.45361328	-11.64282227	-24.48510742	157.1117807	114.9963007	555.3524897				
	-708.8936157	-444830.7439	-2720.595786	-2663.860596	-2600.751953			8.196105957	3.368644714	10.703125	41.70800781	23.30438205	6.285144484	1123.047566				
	-708.9066772	-444838.94	-2723.964431	-2674.563721	-2642.459961			-3.868255615	-8.357650757	-21.08398438	11.88061523	20.15466874	296.3813167	248.026933				
	-708.9005127	-444835.0717	-2715.60678	-2653.479736	-2654.340576			2.183074951	-6.568973541	26.5090332	9.403808594	76.59835281	591.7522449	52.13899434				
	-708.9039917	-444837.2548	-2709.037806	-2679.98877	-2663.744385			-5.974731445	8.190223694	-9.786132813	-61.07885742	200.6459541	14.52678038	3036.4647				
	-708.8944702	-444831.2801	-2717.22803	-2670.202637	-2602.665527			8.272705078	12.2388916	34.69213867	49.82226563	15.73063554	697.9864714	1726.365982				
	-708.9076538	-444839.5528	-2729.466922	-2704.894775	-2652.487793			-3.906555175	7.079818726	2.460449219	32.83691406	120.7004115	40.53874495	1350.082532				
	-708.9014282	-444835.6462	-2736.54674	-2707.355225	-2685.324707			-3.638458252	-23.34415054	-9.171875	-79.82617188	388.3143087	30.61870091	5804.567707				
	-708.8956299	-444832.0078	-2713.20259	-2698.18335	-2605.498535			11.29837036	38.88059616	-22.19458008	71.98706055	760.77918	1121.777729	3683.117116				
	-708.9136353	-444843.3061	-2752.083186	-2675.98877	-2677.485596			3.791656494	-10.83807945	-26.00439453	-38.82910156	214.0291739	887.8046567	1816.529017				
	-708.9196777	-444847.0978	-2741.245107	-2649.984375	-2638.656494			-18.80508423	-2.178524017	20.66601563	8.682128906	276.4425045	1557.967724	755.5468859				
	-708.8897095	-444828.2927	-2739.066583	-2670.650391	-2647.338623			15.39642334	-1.043771744	37.99267578	5.251220703	270.2800144	510.5906244	102.9251365				
	-708.9142456	-444843.6891	-2738.022811	-2708.643066	-2652.589844			-1.072387695	9.782976151	-67.51318359	8.090087891	117.8389242	4414.37936	83.95095886				
	-708.9125366	-444842.6167	-2747.805787	-2641.129883	-2660.679932			6.434326172	1.767580032	47.71289063	36.55151367	21.77851953	1703.919883	907.0449829				
	-708.9227905	-444849.0511	-2749.573367	-2688.842773	-2697.231445			-13.32824707	-34.83377075	-29.46386719	-33.31347656	462.4875488	260.3582366	399.4093979				
	-708.9015503	-444835.7228	-2714.739596	-2659.378906	-2663.917969			10.18768311	33.51601791	12.83935547	19.46337891	544.2112049	7.03136632	86.03853258				
	-708.9177856	-444845.9105	-2748.255614	-2672.218262	-2683.381348			-12.10266113	-37.47315979	36.84765625	-5.896728516	643.6622021	2396.133572	38.51359965				
	-708.8984985	-444833.8078	-2710.782454	-2709.065918	-2677.484619			-5.400238037	30.09416962	-16.98120117	-39.68041992	1259.852975	134.1187071	1175.13087				
	-708.8898926	-444828.4076	-2740.876624	-2692.084717	-2637.804199			2.604370117	-27.32972717	-22.10424805	44.03759766	896.0501806	610.5158116	1716.712344				
	-708.894043	-444831.012	-2713.546897	-2669.980469	-2681.841797			-0.804290772	14.42383957	82.51489258	-77.21875	231.8959537	6942.086314	5839.169579				
	-708.8927612	-444830.2077	-2727.970736	-2752.495361	-2604.623047			11.68136597	11.4405117	-55.96826172	39.81152344	0.058010776	4576.472126	791.3057593				
	-708.911377	-444841.889	-2739.411248	-2696.5271	-2644.43457			0.612792969	-14.26677513	-28.94824219	41.58178711	221.4015468	873.8547995	1678.458481				
	-708.9123535	-444842.5018	-2725.144473	-2667.578857	-2686.016357			-3.868255616	-10.03543091	88.24633789	-4.920166016	38.03405109	8485.098337	1.106515489				
	-708.906189	-444838.6336	-2715.109042	-2755.825195	-2681.096191			3.217163086	11.32905579	-112.4255371	-14.32250977	65.80280318	13373.23411	307.6401237				
	-708.9113159	-444841.8507	-2726.438098	-2643.399658	-2666.773682			3.983154297	18.01758957	1.961669922	13.86547852	196.9653734	4.086399078	97.66033196				
	-708.9176636	-444845.8339	-2744.455687	-2645.361328	-2680.63916			-15.20492554	-13.35439682	55.33007813	-66.64404297	3.424456532	4975.186742	2645.982802				
	-708.8934326	-444830.629	-2731.101291	-2700.691406	-2613.995117			12.5239563	23.21207047	-17.60009766	56.23461914	114.2357844	907.4586267	1910.622046				
	-708.9133911	-444843.1529	-2754.313361	-2683.091309	-2670.229736			-4.481048584	-26.63805008	44.05859375	-15.93823242	490.9327153	2356.096878	131.2670615				
	-708.90625	-444838.6719	-2727.675311	-2727.149902	-2654.291504			3.600158691	16.45158768	-61.96606445	-2.788818359	165.159227	4298.929617	40.81902775				
	-708.9119873	-444842.272	-2744.126899	-2665.183838	-2651.502686			4.978942871	-1.573997498	55.0925293	36.84765625	42.94102748	2511.371544	1015.614892				
	-708.9199219	-444847.251	-2742.552901	-2720.276367	-2688.350342			-8.3493042	-51.26111603	-24.52294922	-79.82641602	1841.423594	261.5867932	5108.977514				
	-708.9066162	-444838.9017	-2691.291785	-2695.753418	-2608.523926			-0.459594727	43.02074814	-0.474853516	36.50805664	1890.540216	0.000232831	1366.607248				
	-708.9058838	-444838.4421	-2734.312533	-2695.278564	-2645.031982			0.344696045	-1.752849579	-27.43676758	3.516845703	4.399697643	771.809721	10.06253346				
	-708.9064331	-444838.7868	-2732.559684	-2667.841797	-2648.548828			-1.225585938	-39.48783875	-13.69091797	-38.85424805	1463.99999	155.3845026	1415.916212				
	-708.90448	-444837.5612	-2693.071845	-2654.150879	-2609.69458			7.353515625	46.2322998	17.35180664	37.62475586	1511.559859	99.96582323	916.3479853				
	-708.9161987	-444844.9147	-2739.304145	-2671.502686	-2647.319336			-1.570281982	6.498865128	-30.59008789	7.777832031	65.11113508	842.149135	87.38723561				
	-708.9136963	-444843.3444	-2745.80301	-2640.912598	-2655.097168			5.400238037	-5.377468109	37.58886719	-19.39794922	116.1589498	1036.107847	614.9500912				
	-708.9223022	-444848.7447	-2740.425542	-2678.501465	-2635.699219			-13.67294312	-16.18650627	7.472412109	30.50585938	6.317999741	447.1260476	1951.766589				
	-708.9005127	-444835.0717	-2724.239036	-2685.973877	-2666.205078			8.579101563	6.944389343	-32.31518555	7.124267578	2.67228404	1672.342718	2.116541922				
	-708.9141846	-444843.6508	-2731.183425	-2653.658691	-2673.329346			6.357727051	11.7778511	7.874267578	-13.33349609	29.37774476	2.29989517	387.7442689				
	-708.9243164	-444850.0085	-2742.961276	-2661.532959	-2659.99585			-13.51974487	-5.218805313	30.25292969	7.292724609	68.90559759	1916.047038	433.158886				
	-708.902771	-444836.4888	-2737.742471	-2691.785889	-2667.288574			6.893920898	13.62615967	-33.61865234	8.879638672	45.32303885	1641.268591	3.943075076				
	-708.9137573	-444843.3827	-2751.36863	-2658.167236	-2676.168213			-3.676757813	-30.00345039	1.177001953	23.38818359	693.0947423	23.55898386	732.5110533				
	-708.9078979	-444839.706	-2721.36518	-2659.344238	-2699.556396			-4.366149902	12.37414932	-2.557373047	-15.3918457	280.2376181	3.271673711	121.5659679				
	-708.9009399	-444835.3398	-2733.739329	-2656.786865	-2684.164551			-4.251251221	-1.116542816	-6.353271484	-64.40307617	9.826396783	4.418489188	3618.242045				
	-708.894165	-444831.0886	-2732.622786	-2650.433594	-2619.761475			-1.302185058	-0.771205902	20.49487305	41.57666016	0.281938864	475.111742	1838.595367				
	-708.8920898	-444829.7864	-2731.851581	-2670.928467	-2661.338135			10.49407959	-7.187152863	4.486328125	42.67285156	312.625981	36.09307766	1035.473366				
	-708.9088135	-444840.2805	-2724.664428	-2675.414795	-2704.010986			-4.021453857	12.12380219	33.18383789	-30.02783203	260.6692927	1384.233734	676.3317057				
	-708.9024048	-444836.259	-2736.78823	-2708.598633	-2673.983154			-2.374572754	-0.546947479	-15.67602539	-40.90405273	3.340214146	176.9286422	1484.520828				
	-708.8986206	-444833.8844	-2736.241282	-2692.922607	-2633.079102			-2.87246704	-22.83827972	-34.50390625	52.13720703	398.6336761	1000.547946	3026.064241				
	-708.894043	-444831.012	-2713.403003	-2658.418701	-2685.216309			26.15859985	92.88093567	40.38842773	63.20483398	4451.870097	202.4880015	1372.423463				
	-708.93573	-444857.1706	-2806.283938	-2698.807129	-2748.421143			-22.48184204	-93.70698929	-51.80297852	-74.76025391	5073.0216	859.7290442	2733.032347				
	-708.8999023	-444834.6887	-2712.576949	-2647.00415	-2673.660889			9.498291016	16.26302719	-2.144287109	-13.6159668	45.76165552	135.5496254	534.2689142				
	-708.9150391	-444844.187	-2728.839976	-2644.859863	-2660.044922			-0.957489014	23.45749092	21.92260742	17.34179688	596.0912452	523.4988129	334.8638641				
	-708.9135132	-444843.2295	-2752.297467	-2666.782471	-2677.386719			1.187286377	5.679087639	5.849365234	-2.531738281	20.17627857	21.73497927	13.83114441				
	-708.9154053	-444844.4168	-2757.976555	-2672.631836	-2674.85498			-1.225585938	-20.41915226	13.1081543	-16.89648438	368.3929882	205.4561091	245.5770578				
	-708.9134521	-444843.1912	-2737.557403	-2685.73999	-2657.958496			-6.127929688	-3.786811829	7.986572266	10.02416992	5.480832829	199.2191654	260.8903218				
	-708.9036865	-444837.0633	-2733.770591	-2693.726563	-2667.982666			5.553436279	-9.973190308	-49.90039063	14.7722168	241.0761332	3075.126918	84.98591424				
	-708.9125366	-444842.6167	-2723.7974	-2643.826172	-2682.754883			-6.396026611	-14.82145691	35.62768555	-14.7644043	70.98787571	1765.992384	70.0297451				
	-708.9023438	-444836.2207	-2708.975944	-2679.453857	-2667.990479			3.446960449	24.68223953	-9.627441406	-13.52612305	450.9370778	170.9399839	288.0855634				
	-708.9078369	-444839.6677	-2733.658183	-2669.826416	-2654.464355			14.13253784	43.93758869	27.30957031	73.39916992	888.3410562	173.6341847	3512.533678				
	-708.9303589	-444853.8002	-2777.595772	-2697.135986	-2727.863525			-25.35430908	-39.64054966	-38.5690918	-74.83129883	204.0966699	174.6304822	2447.972514				
	-708.8899536	-444828.4459	-2737.955222	-2658.566895	-2653.032227			9.728088378	-13.21141052	0.619140625	-8.337646484	526.2206098	82.97292918	326.3707761				
	-708.9054565	-444838.174	-2724.743812	-2659.186035	-2644.69458			3.332061768	20.95882797	-4.885498047	17.71264648	310.7028868	67.52828931	206.8012168				
	-708.9107666	-444841.506	-2745.70264	-2654.300537	-2662.407227			7.659912109	-21.71757889	95.62036133	-21.7578125	863.0369773	7737.040627	865.4025212				
	-708.9229736	-444849.166	-2723.985061	-2749.920898	-2640.649414			-3.715057373	12.34225082	-11.78369141	39.89404297	257.8371465	65.10285516	1901.753633				
	-708.9170532	-444845.4509	-2736.327311	-2738.137207	-2680.543457			-14.51553345	-22.56022263	-60.2980957	3.610595703	64.71702398	2096.043007	328.556558				
	-708.8939209	-444830.9354	-2713.767089	-2677.839111	-2684.154053			6.472625732	25.24927711	-18.65283203	-37.1953125	352.5626371	631.2886278	1906.888829				
	-708.9042358	-444837.408	-2739.016366	-2659.186279	-2646.95874			0.727691651	-26.10562325	40.92138672	24.7265625	720.0267883	1615.533123	575.945802				
	-708.9053955	-444838.1357	-2712.910743	-2700.107666	-2671.685303			-3.408660888	22.49483109	-54.9230957	-37.16186523	670.9908964	2653.736994	1139.278804				
	-708.8999634	-444834.727	-2735.405574	-2645.18457	-2634.523438			1.072387695	1.304164886	45.78808594	48.48974609	0.053720666	1999.493669	2248.405877				
	-708.9016724	-444835.7994	-2736.709739	-2690.972656	-2683.013184			9.574890136	1.407403946	-5.420166016	-12.85888672	66.70783067	224.851709	503.274344				
	-708.9169312	-444845.3743	-2738.117143	-2685.55249	-2670.154297			-9.421691894	-26.21985817	-11.37475586	-3.488769531	282.1783902	3.814458852	35.19956776				
	-708.9019165	-444835.9526	-2711.897284	-2674.177734	-2666.665527			-0.306396484	3.113754272	0.112060547	1.920410156	11.6974312	0.175106287	4.958667815				
	-708.9014282	-444835.6462	-2715.011039	-2674.289795	-2668.585938			13.67294312	24.41917038	-8.899902344	-28.20849609	115.4814004	509.5333521	1754.05495				
	-708.9232178	-444849.3192	-2739.430209	-2665.389893	-2640.377441			-8.042907715	-14.03569031	-11.34472656	23.54296875	35.91344321	10.9020077	997.667592				
	-708.9104004	-444841.2762	-2725.394519	-2654.045166	-2663.92041			-12.60055542	16.18666458	33.96777344	-28.20410156	828.7040354	2168.609253	243.4706522				
	-708.8903198	-444828.6757	-2741.581183	-2688.012939	-2635.716309			4.634246827	-30.25384521	-7.947509766	29.13476563	1217.178966	158.3005989	600.2754214				
	-708.8977051	-444833.3099	-2711.327338	-2680.06543	-2664.851074			5.055541992	23.88143921	-6.559570313	4.96875	354.414406	134.9108339	0.00753285				
	-708.9057617	-444838.3655	-2735.208777	-2673.505859	-2669.819824			-0.306396484	0.959095001	19.56689453	-26.94262695	1.6014687	394.9476958	709.4887736				
	-708.9052734	-444838.0591	-2736.167872	-2693.072754	-2642.877197													
