-2708.648726407227
-2688.162512723145
-2688.0449590122075
-2742.9775437747808
-2725.0914754306646
-2705.1325215732427
-2726.3862409030767
-2719.03327840918
-2704.0122136508794
-2731.3541860019536
-2717.0328092014165
-2683.34106344336
-2699.233900967774
-2705.2475957309575
-2705.163519803223
-2695.1566914951177
-2696.8207921420903
-2699.146887723145
-2701.494139615235
-2693.635153714356
-2689.1382741367192
-2713.4602422153325
-2706.3506535922857
-2702.933379117188
-2728.8019780551763
-2704.1778172885747
-2687.8113011752935
-2685.0927953159185
-2708.455756131348
-2684.535590115723
-2703.893652859864
-2687.143195096192
-2739.3475160037847
-2700.7480229770513
-2690.397070828614
-2699.468031827149
-2704.226950589356
-2698.0881566440435
-2703.9281606113286
-2709.8453816806646
-2696.488242093262
-2740.138888302979
-2686.3415746127935
-2697.982710782227
-2700.9713887607427
-2696.532355252442
-2718.780692044434
-2693.4165257846685
-2706.0990704929204
-2711.058913174805
-2736.613367978272
-2701.5700368320317
-2707.849982205567
-2734.992762509522
-2704.909438077149
-2703.493567410645
-2707.8816556369634
-2708.178671780762
-2702.582991543946
-2690.140150967774
-2703.7855977451177
-2705.1728734409185
-2708.657675687012
-2709.1343449985357
-2696.6864766513677
-2695.209242764649
-2776.3470758830877
-2704.1217946445317
-2692.336226407227
-2728.879912320313
-2691.3275288974614
-2683.359190884766
-2703.575400296387
-2694.826346341309
-2698.3499059116216
-2708.129034939942
-2708.0474118625493
-2708.2942723666997
-2707.438651028809
-2704.346793118653
-2694.4339589511724
-2725.0617741977544
-2683.9226140415044
-2735.4270810520024
-2740.233105603394
-2704.069395962891
-2692.4515981113286
-2706.049357358155
-2706.116251889405
-2703.939452115235
-2732.3689183627935
-2704.628401700196
-2701.8497914707036
-2781.0930127536626
-2705.760630551514
-2707.6227712070317
-2687.8246449863286
-2704.7498387729497
-2693.9878606235357
-2713.9180325900884
-2701.413199368653
-2698.547079983887
-2699.7808522617192
-2707.9960889255376
-2702.419981900391
-2765.949438515839
-2695.628905240235
-2713.3083409702153
-2779.4730996524663
-2688.4930867587896
-2706.62475484961
-2758.952410641846
-2731.8129681979985
-2705.6703748142095
-2730.706271115479
-2732.1515798007817
-2701.73648733252
-2721.0188893710942
-2699.542479458985
-2699.950957242188
-2697.509596768555
-2703.9346532260747
-2703.3928288852544
-2693.791975918946
-2696.6759480869146
-2704.548941556153
-2709.0066289340825
-2696.207144681153
-2706.663458768067
-2719.559401456055
-2695.7115315830083
-2704.8300160800786
-2703.7438496982427
-2726.9205045139165
-2697.788229886231
-2726.0437497531743
-2694.887076321778
-2697.612982693848
-2683.744200650391
-2698.4968175327153
-2703.259566250977
-2706.0740804111333
-2693.795844021973
-2699.26179403418
-2722.588450375733
-2698.509894314942
-2722.5531033908696
-2707.9520673190923
-2703.3350972568364
-2718.9760083591314
-2706.7530087863774
-2706.9891614353032
-2706.072279874024
-2703.93562215918
-2708.887007657227
-2708.417120877442
-2729.6241177951665
-2707.2169179355474
-2704.7134694492192
-2738.8983029758306
-2708.166808072266
-2707.4138135349126
-2694.530219021973
-2708.6488484775396
-2699.0453328525396
-2691.3912648593755
-2695.0167836582036
-2708.068076077637
-2701.832938138184
-2685.156378689942
-2771.7997507488103
-2697.3266362583013
-2704.3025731479497
-2705.9335889255376
-2729.42411321753
-2707.0634297763677
-2690.4697179233403
-2698.2285527622075
-2696.0346898471685
-2710.724234524903
-2751.0989617740483
-2694.5927953159185
-2704.350012723145
-2716.1452741062017
-2737.711768094239
-2711.392218533692
-2684.329001370606
-2707.8954152500005
-2693.677473965821
-2702.6421574985357
-2708.695239010987
-2714.9047383701177
-2696.8476094638677
-2699.7908238803716
-2733.4534215366216
-2704.2774266635747
-2698.5564641391607
-2684.3868092929692
-2693.3813847934575
-2707.6271771823735
