-708.913818359375
-708.8961181640625
-708.8952026367188
-708.9280395507812
-708.917236328125
-708.9132690429688
-708.9144897460938
-708.9121704101562
-708.9078369140625
-708.9161987304688
-708.9132080078125
-708.895263671875
-708.9012451171875
-708.9116821289062
-708.9070434570312
-708.9097290039062
-708.91162109375
-708.9100952148438
-708.9122314453125
-708.9046630859375
-708.8945922851562
-708.9093627929688
-708.913330078125
-708.9013671875
-708.9177856445312
-708.9004516601562
-708.899658203125
-708.9013061523438
-708.9138793945312
-708.8993530273438
-708.9098510742188
-708.903564453125
-708.9237060546875
-708.9010009765625
-708.8932495117188
-708.900390625
-708.908203125
-708.89306640625
-708.909912109375
-708.9088745117188
-708.907958984375
-708.9244384765625
-708.8944702148438
-708.8986206054688
-708.8961181640625
-708.89697265625
-708.9173583984375
-708.8904418945312
-708.9126586914062
-708.9164428710938
-708.9239501953125
-708.8973388671875
-708.9047241210938
-708.9254760742188
-708.9113159179688
-708.9027709960938
-708.9136352539062
-708.9007568359375
-708.900634765625
-708.8961181640625
-708.9093627929688
-708.9046020507812
-708.913818359375
-708.9011840820312
-708.8897094726562
-708.90283203125
-708.9368286132812
-708.9041137695312
-708.8911743164062
-708.9190063476562
-708.9059448242188
-708.8944702148438
-708.91064453125
-708.9085693359375
-708.8927612304688
-708.9032592773438
-708.913818359375
-708.9020385742188
-708.915771484375
-708.9129028320312
-708.9033813476562
-708.9210815429688
-708.8963012695312
-708.921875
-708.9241943359375
-708.9088745117188
-708.897216796875
-708.9129028320312
-708.9131469726562
-708.9088134765625
-708.9205932617188
-708.910888671875
-708.9007568359375
-708.9378662109375
-708.9120483398438
-708.900634765625
-708.8978271484375
-708.900390625
-708.906982421875
-708.9180297851562
-708.90234375
-708.8930053710938
-708.9133911132812
-708.9036865234375
-708.9030151367188
-708.9342651367188
-708.91064453125
-708.9110717773438
-708.9375610351562
-708.901611328125
-708.9004516601562
-708.9324951171875
-708.9173583984375
-708.900390625
-708.9176635742188
-708.9168701171875
-708.9142456054688
-708.915283203125
-708.8909301757812
-708.8950805664062
-708.8936157226562
-708.9066772460938
-708.9005126953125
-708.9039916992188
-708.8944702148438
-708.9076538085938
-708.9014282226562
-708.8956298828125
-708.9136352539062
-708.919677734375
-708.8897094726562
-708.9142456054688
-708.9125366210938
-708.9227905273438
-708.9015502929688
-708.9177856445312
-708.8984985351562
-708.889892578125
-708.89404296875
-708.8927612304688
-708.911376953125
-708.912353515625
-708.9061889648438
-708.9113159179688
-708.9176635742188
-708.8934326171875
-708.9133911132812
-708.90625
-708.9119873046875
-708.919921875
-708.9066162109375
-708.9058837890625
-708.9064331054688
-708.9044799804688
-708.9161987304688
-708.9136962890625
-708.9223022460938
-708.9005126953125
-708.9141845703125
-708.92431640625
-708.9027709960938
-708.9137573242188
-708.9078979492188
-708.9009399414062
-708.8941650390625
-708.89208984375
-708.9088134765625
-708.9024047851562
-708.8986206054688
-708.89404296875
-708.9357299804688
-708.89990234375
-708.9150390625
-708.9135131835938
-708.9154052734375
-708.9134521484375
-708.9036865234375
-708.9125366210938
-708.90234375
-708.9078369140625
-708.9303588867188
-708.8899536132812
-708.9054565429688
-708.9107666015625
-708.9229736328125
-708.9170532226562
-708.8939208984375
-708.9042358398438
-708.9053955078125
-708.8999633789062
-708.9016723632812
-708.9169311523438
-708.9019165039062
-708.9014282226562
-708.9232177734375
-708.910400390625
-708.8903198242188
-708.897705078125
-708.90576171875
-708.9052734375
