-2713.088953915772
-2725.98555273169
-2717.5433377658696
-2725.1181706821294
-2704.5793141757817
-2726.8191136752935
-2715.927546445069
-2786.531050625977
-2713.5954656040044
-2706.5571393405767
-2750.765929166016
-2708.0734052097173
-2723.0460805332036
-2719.5142278110357
-2725.7970113193364
-2742.7991094028325
-2738.6209744846196
-2741.4801644718023
-2727.6719960605474
-2726.407977048096
-2727.197596493897
-2724.434916440186
-2713.679816189942
-2726.052706662354
-2708.26138967627
-2730.1740483676763
-2726.8503102695317
-2724.163847867188
-2731.039420071778
-2739.1920098697515
-2740.057209912476
-2734.820914212403
-2732.7427281772466
-2706.5330991184087
-2724.6883687412114
-2742.0989102756353
-2736.8020543491216
-2734.8105687534185
-2764.6051825916143
-2748.910248700318
-2733.2389478122564
-2779.253041211304
-2740.192873898682
-2743.0314702426763
-2724.0637998020024
-2743.171931210694
-2716.897105160889
-2726.9758786594243
-2739.0777310764165
-2717.5146436130376
-2750.480217877564
-2726.9699468051763
-2728.604964200196
-2732.981131497559
-2732.2115735446782
-2743.0269956027837
-2731.337290707764
-2705.023306790528
-2746.5699700748296
-2721.832320157227
-2733.6577367221685
-2736.6670865451665
-2789.3846692478032
-2738.9607057010503
-2774.855549279389
-2735.052622739014
-2725.006518307862
-2717.697211209473
-2752.183363858399
-2751.4489716922612
-2732.8851193820806
-2724.468134823975
-2724.3503178989263
-2733.2765340244146
-2726.991095486817
-2724.512267056641
-2730.993750516114
-2737.3978413974614
-2725.959818783936
-2715.744227353272
-2712.0743016635747
-2747.30102438086
-2728.764273587403
-2724.168559018311
-2725.0352239047857
-2742.1124810611577
-2731.2505254184575
-2790.8985433017583
-2726.334330502686
-2722.681940976319
-2739.2793340122075
-2739.7427091037603
-2725.2131604587407
-2735.1707906162114
-2734.186751309571
-2732.028651181397
-2734.5547551547857
-2790.651143017945
-2721.931456509766
-2739.9495782291265
-2751.7414101993413
-2706.041357937989
-2736.805205289063
-2727.704348508057
-2741.8626222049566
-2736.1857556735845
-2750.1976651584478
-2751.6209954654546
-2716.8254613315435
-2744.287159863648
-2718.8651456271978
-2713.7016820346685
-2703.4031133090825
-2752.123866025147
-2725.218115750489
-2747.7861108219
-2733.203989926514
-2751.7086839114995
-2739.238690320191
-2747.2186669742437
-2729.667494717774
-2703.767279568848
-2741.535372677979
-2718.3565396701665
-2714.942885342774
-2751.9202241336675
-2728.1051587497564
-2731.020247403321
-2729.7772244846196
-2743.9786309635015
-2719.929617825684
-2737.698988858399
-2710.0651196872564
-2725.1557950412603
-2736.181597653565
-2734.3667935764165
-2735.549822751221
-2745.4261083041997
-2734.988039914307
-2789.842663708863
-2723.721854153809
-2749.834849301514
-2711.399729672608
-2744.2548589145513
-2743.639382306275
-2769.7269614225
-2753.2843560611577
-2726.3244428073735
-2746.0830411350103
-2753.590096417603
-2736.062498990235
-2725.698084775147
-2751.992367688355
-2749.0091008579107
-2718.389201108155
-2743.853161755738
-2724.835795346436
-2747.005972806153
-2729.2829274570317
-2740.779694501099
-2760.0486993228765
-2734.0379628574224
-2718.1090115939946
-2726.6787938510747
-2721.964140835938
-2734.444609585938
-2728.7216901218267
-2744.9327058231206
-2727.139502469239
-2724.7696141635747
-2747.7091035281987
-2714.8300885593267
-2744.4813050662847
-2731.4738263522954
-2724.2928723728032
-2724.6173543369146
-2728.9536351596685
-2732.2858838474126
-2751.5402230655523
-2740.523674908814
-2724.9255284702153
-2733.2878522312017
-2755.9503535663457
-2749.9817361270757
-2732.8763684665532
-2733.847342435059
-2749.114048901734
-2783.002614918885
-2725.1925343906255
-2723.5738133823247
-2720.9597653781743
-2719.040396634278
-2745.4664849674077
-2728.993838254151
-2710.824091855225
-2754.1229428684087
-2734.7025479709478
-2706.8640813266607
-2730.533648434815
-2738.4212521945806
