			pt	ft				A	B	C	pt+ft	pt				515.313626	22.70052039	0.945855016
-708.9266357	-444851.4639	-2744.3378	-2747.698609	-2674.185547		39	1.646881104	4.1477	0.285844803	-11.23535156	6.254095152	1.852419812	165.9519185					
-708.9292603	-444853.1108	-2748.4855	-2747.984454	-2662.950195		50	-6.817321778	-33.1704	-30.88360214	13.81616211	694.4847318	579.1858506	425.7406573					
-708.918396	-444846.2935	-2715.3151	-2717.100852	-2676.766357		22	1.838378906	9.5901	11.85963821	17.72729492	60.08917992	100.4256381	252.4576522					
-708.9213257	-444848.1319	-2724.9052	-2728.96049	-2694.493652		86	-3.140563964	-8.1938	-8.214122772	-44.5637207	25.53519443	25.74099898	1715.877914					
-708.9163208	-444844.9913	-2716.7114	-2720.746367	-2649.929932		148	3.715057373	8.235	5.792274475	6.272705078	20.42988135	4.31483089	6.541561784					
-708.9222412	-444848.7064	-2724.9464	-2726.538642	-2656.202637		68	3.44696045	13.7055	12.85572815	52.93530273	105.2376337	88.52490963	2449.096022					
-708.9277344	-444852.1533	-2738.6519	-2739.39437	-2709.137939		125	-6.93222046	-20.5312	-17.87881851	-55.39794922	184.9322445	119.8280089	2348.926864					
-708.916687	-444845.2211	-2718.1207	-2721.515552	-2653.73999		149	4.940643311	11.824	9.357021332	39.53149414	47.38059931	19.50439482	1196.526961					
-708.9245605	-444850.1617	-2729.9447	-2730.872573	-2693.271484		14	-2.336273194	-2.839	-1.920783997	-26.24023438	0.252734242	0.172631273	571.3993601					
-708.9208374	-444847.8255	-2727.1057	-2728.951789	-2667.03125		31	2.642669678	3.1378	4.270637512	22.07763672	0.245154036	2.650279268	377.7179439					
-708.9250488	-444850.4681	-2730.2435	-2733.222426	-2689.108887		180	4.481048584	31.7515	28.61115265	12.3034668	743.6775204	582.2619222	61.1902267					
-708.9321899	-444854.9492	-2761.995	-2761.833579	-2701.412354		166	-10.41748047	-53.0333	-45.19992828	-30.49682617	1816.108074	1209.818676	403.1801239					
-708.9155884	-444844.5317	-2708.9617	-2716.633651	-2670.915527		x0	2.527770996	13.8675	8.21446991	-2.703857422	128.5894539	32.33854454	27.3699359					
-708.9196167	-444847.0595	-2722.8292	-2724.848121	-2668.21167		29	1.953277588	0.6976	1.854816437	17.22973633	1.576726205	0.009694598	233.3701916					
-708.9227295	-444849.0128	-2723.5268	-2726.702937	-2685.441406		u2	2.297973633	12.9235	5.751232147	-27.59814453	112.9018106	11.92499437	893.7778813					
-708.9263916	-444851.3107	-2736.4503	-2732.454169	-2657.843262		58	-3.829956055	-6.6302	-1.580181122	24.23803711	7.841366153	5.061487249	787.8122403					
-708.9202881	-444847.4808	-2729.8201	-2730.873988	-2682.081299		154	-0.68939209	-13.3537	-13.4155426	-3.205078125	160.3846949	161.9549069	6.328676229					
-708.9191895	-444846.7914	-2716.4664	-2717.458445	-2678.876221		20	2.83416748	17.6265	16.97241592	-28.10107422	218.8131014	199.8900691	956.989179					
-708.9237061	-444849.6255	-2734.0929	-2734.430861	-2650.775146		98	-0.880889893	-2.393	-0.950439453	15.76367188	2.286476976	0.004837141	277.0414364					
-708.9223022	-444848.7447	-2731.6999	-2733.480422	-2666.538818		33	4.059753418	14.3018	10.50550461	-10.421875	104.8995182	41.5477084	209.7175616					
-708.928772	-444852.8044	-2746.0017	-2743.985927	-2656.116943		52	-5.017242432	-23.7521	-16.92015076	-8.503417969	350.9948881	141.6792266	12.15341987					
-708.9207764	-444847.7872	-2722.2496	-2727.065776	-2647.613525		77	0.153198242	1.1965	0.701999664	33.06616211	1.088478558	0.301183001	1083.263191					
-708.9210205	-444847.9404	-2723.4461	-2727.767775	-2680.679688		83	7.085418701	33.4143	31.12057495	24.18554688	693.2099905	577.688736	292.4143836					
-708.932312	-444855.0258	-2756.8604	-2758.88835	-2704.865234		172	-9.919586181	-42.4414	-38.35896301	-62.43920898	1057.668374	808.7981546	2758.310779					
-708.9165039	-444845.1062	-2714.419	-2720.529387	-2642.426025		144	8.042907715	36.299	32.62316513	23.46582031	798.4067512	604.1890546	237.866233					
-708.9293213	-444853.1491	-2750.718	-2753.152553	-2665.891846		46	-5.553436279	-32.9558	-31.23783493	14.64770508	750.8895375	659.6883341	408.0861121					
-708.9204712	-444847.5957	-2717.7622	-2721.914718	-2680.539551		u4	3.906555175	17.4376	15.37858963	21.92700195	183.089174	131.6075745	324.7365021					
-708.9266968	-444851.5022	-2735.1998	-2737.293307	-2702.466553		128	-4.25125122	-15.9563	-12.24463272	-60.23144531	137.0081669	63.89414782	3133.782131					
-708.9199219	-444847.251	-2719.2435	-2725.048675	-2642.235107		138	5.974731445	31.3174	27.27127075	24.69824219	642.2508495	453.5425864	350.5698545					
-708.9294434	-444853.2257	-2750.5609	-2752.319945	-2666.93335		47	-3.370361328	-21.0366	-25.08849716	-7.719726563	312.0959888	471.6774241	18.91697794					
-708.9240723	-444849.8553	-2729.5243	-2727.231448	-2659.213623		63	-2.06817627	-7.1201	0.024978638	-3.338134766	25.52193338	4.381297467	1.612794581					
-708.9207764	-444847.7872	-2722.4042	-2727.256427	-2655.875488		79	-2.872467041	-6.7622	-6.940162659	-8.883544922	15.13002249	16.54614764	36.13305729					
-708.9161987	-444844.9147	-2715.642	-2720.316264	-2646.991943		147	5.361938477	20.7152	14.73305893	3.211425781	235.7226394	87.81789854	4.624704853					
-708.9247437	-444850.2766	-2736.3572	-2735.049323	-2650.203369		102	-0.536193847	-9.5664	-5.278831482	37.23144531	81.54462316	22.49261173	1426.394568					
-708.9238892	-444849.7404	-2726.7908	-2729.770492	-2687.434814		u1	2.604370117	14.6392	11.06143761	12.04003906	144.8371303	71.52199052	89.03184845					
-708.9280396	-444852.3448	-2741.43	-2740.831929	-2699.474854		117	-1.608581543	-8.0004	-11.38679314	-40.47900391	40.85534318	95.61342196	1510.909735					
-708.9254761	-444850.7362	-2733.4296	-2729.445136	-2658.99585		60	-2.221374511	-9.1084	-2.941562653	-5.540039063	47.43112008	0.518670959	11.0135344					
-708.921936	-444848.5149	-2724.3212	-2726.503573	-2653.455811		69	-2.566070557	-8.481	-4.070026398	-12.81640625	34.98639032	2.261883171	105.0693818					
-708.9178467	-444845.9488	-2715.8402	-2722.433547	-2640.639404		141	5.285339356	22.8832	14.622612	38.59667969	309.6846993	87.18466042	1109.645395					
-708.9262695	-444851.2341	-2738.7234	-2737.056159	-2679.236084		108	-2.872467041	-14.9366	-10.60108185	-28.83984375	145.543304	59.73148684	674.3046531					
-708.9216919	-444848.3617	-2723.7868	-2726.455077	-2650.39624		70	3.178863526	15.6731	11.93484306	40.40966797	156.1059451	76.66717767	1386.132799					
-708.9267578	-444851.5405	-2739.4599	-2738.38992	-2690.805908		110	-5.361938477	-22.8288	-19.28520012	-17.90551758	305.0912515	193.8572148	157.3413767					
-708.9182129	-444846.1786	-2716.6311	-2719.10472	-2672.900391		25	2.566070556	12.6957	12.8871727	5.718505859	102.6093927	106.5251494	9.937848341					
-708.9223022	-444848.7447	-2729.3268	-2731.991893	-2678.618896		92	5.936431885	24.9623	24.53559017	22.79125977	361.9836575	345.928689	284.0852229					
-708.9317627	-444854.6811	-2754.2891	-2756.527483	-2701.410156		173	-6.35772705	-28.0977	-26.37922573	-4.506347656	472.6264238	400.8604094	3.427605661					
-708.9216309	-444848.3234	-2726.1914	-2730.148257	-2696.903809		88	2.87246704	7.6357	6.642341614	-6.365722656	22.68838823	14.2119543	85.34414887					
-708.9262085	-444851.1958	-2733.8271	-2736.790599	-2690.538086		179	1.187286377	7.6727	4.184669495	8.997070313	42.06058986	8.984305553	60.99272512					
-708.9281006	-444852.3831	-2741.4998	-2740.975268	-2699.535156		1u	-8.311004638	-32.2798	-23.80758286	-27.734375	574.5031511	240.1439364	377.2673162					
-708.914856	-444844.0721	-2709.22	-2717.167685	-2671.800781		x2	7.69821167	27.2762	21.01515388	34.92651367	383.2976271	177.34095	741.3804299					
-708.927124	-444851.7703	-2736.4962	-2738.182839	-2706.727295		127	0.03829956	3.6767	1.383646011	-8.679443359	13.23795776	1.809957073	75.99904161					
-708.9271851	-444851.8086	-2740.1729	-2739.566485	-2698.047852		112	6.396026612	29.4451	38.8832922	56.2331543	531.2597841	1055.422425	2483.739296					
-708.9373779	-444858.2047	-2769.618	-2778.449778	-2754.281006		2	-11.2600708	-54.2716	-58.29456615	-76.36010742	1849.991644	2212.243753	4238.014768					
-708.9194336	-444846.9446	-2715.3464	-2720.155211	-2677.920898		u5	3.485260009	16.6912	8.225730896	-18.75048828	174.396851	22.47206423	494.428502					
-708.9249878	-444850.4298	-2732.0376	-2728.380942	-2659.17041		61	-6.472625732	-19.6518	-9.100818634	17.33691406	173.6906344	6.907397929	566.8941852					
-708.9146729	-444843.9572	-2712.3858	-2719.280124	-2676.507324		x5	8.311004638	27.1103	20.44563103	32.62426758	353.4135061	147.2491576	591.1347548					
-708.9279175	-444852.2682	-2739.4961	-2739.725755	-2709.131592		124	-5.515136719	-18.5767	-16.68265724	-40.03808594	170.6044354	124.7135146	1191.834023					
-708.9191284	-444846.7531	-2720.9194	-2723.043097	-2669.093506		28	3.676757813	15.882	12.14261627	-17.64306641	148.9679369	71.67075946	454.5349047					
-708.9249878	-444850.4298	-2736.8014	-2735.185714	-2651.450439		103	2.10647583	4.1525	7.330753326	61.41479492	4.186214903	27.29307536	3517.476713					
-708.9283447	-444852.5363	-2740.9539	-2742.516467	-2712.865234		11	-1.531982422	5.1015	3.205402374	-9.992431641	44.00308904	22.44281471	71.57920098					
-708.9259033	-444851.0043	-2746.0554	-2745.721869	-2702.872803		159	-3.063964844	-23.5756	-18.9776001	-59.42871094	420.7271768	253.243787	3176.984602					
-708.9210205	-444847.9404	-2722.4798	-2726.744269	-2643.444092		74	0.497894287	4.4373	3.832210541	51.9284668	15.51891737	11.11766488	2645.103789					
-708.921814	-444848.4383	-2726.9171	-2730.57648	-2695.372559		89	4.749145508	17.7897	16.8613739	-1.249755859	170.0560615	146.7060767	35.98681761					
-708.9293823	-444853.1874	-2744.7068	-2747.437854	-2694.122803		176	-2.259674072	-11.2955	-13.10066986	4.756591797	81.64615021	117.5271897	49.22798674					
-708.9257813	-444850.9277	-2733.4113	-2734.337184	-2698.879395		13	-0.153198242	4.1938	1.156585693	-39.90258789	18.89639372	1.715533958	1580.013977					
-708.9255371	-444850.7745	-2737.6051	-2735.49377	-2658.976807		105	1.646881103	14.6269	16.2227726	36.94506836	168.4808906	212.4566129	1245.962024					
-708.9281616	-444852.4214	-2752.232	-2751.716542	-2695.921875		161	-0.689392089	-15.1291	-13.51925468	9.615234375	208.5051645	164.6053742	106.1853266					
-708.927063	-444851.732	-2737.1029	-2738.197288	-2705.537109		12	0.421295166	3.9676	2.248054504	-4.600830078	12.57627797	3.33704968	25.22174197					
-708.9277344	-444852.1533	-2741.0705	-2740.445342	-2700.936279		115	-4.098052979	-16.7165	-12.01258469	-9.909179688	159.2252052	62.63981215	33.76919363					
-708.9212036	-444848.0553	-2724.354	-2728.432757	-2691.0271		85	5.132141113	25.0724	21.24986267	-25.26196289	397.6139245	259.7809482	923.8015582					
-708.9293823	-444853.1874	-2749.4264	-2749.68262	-2665.765137		49	1.723480225	3.2738	6.616603851	67.33203125	2.403491404	23.94265882	4304.481968					
-708.9321289	-444854.9109	-2752.7002	-2756.299224	-2733.097168		8	-4.787445069	-23.7418	-24.03840637	-67.03320313	359.2675709	370.5995111	3874.534396					
-708.9244995	-444850.1234	-2728.9584	-2732.260817	-2666.063965		132	-1.838378906	-8.4566	-8.169937134	17.04833984	43.80085045	40.08862959	356.7081451					
-708.9215698	-444848.2851	-2720.5018	-2724.09088	-2683.112305		u3	3.791656494	20.3052	16.16061592	17.9387207	272.6971191	152.9911573	200.1394257					
-708.9276123	-444852.0767	-2740.807	-2740.251496	-2701.051025		114	-0.191497803	-1.1122	-4.272199631	-45.60083008	0.847692536	16.65212741	2062.007458					
-708.9273071	-444851.8852	-2739.6948	-2735.979297	-2655.450195		56	-5.744934082	-24.3255	-18.46961212	20.13891602	345.2374298	161.9174312	669.9736959					
-708.9181519	-444846.1403	-2715.3693	-2717.509685	-2675.589111		23	2.06817627	7.9708	8.911441803	-28.02294922	34.8409669	46.83028316	905.4758332					
-708.9214478	-444848.2085	-2723.3401	-2726.421126	-2647.566162		71	2.068176269	19.4207	16.16265297	54.68481445	301.1100798	198.6542735	2768.510614					
-708.9247437	-444850.2766	-2742.7608	-2742.583779	-2702.250977		158	-4.978942871	-32.4446	-25.48888969	-30.18676758	754.3623215	420.6579187	635.4344265					
-708.9168091	-444845.2977	-2710.3162	-2717.09489	-2672.064209		u8	4.634246826	25.0175	17.60492706	-21.8828125	415.47701	168.2385458	703.1544353					
-708.9241943	-444849.9319	-2735.3337	-2734.699817	-2650.181396		100	2.336273193	5.9486	5.918722153	49.9921875	13.04890496	12.83394055	2271.086168					
-708.9279175	-444852.2682	-2741.2823	-2740.618539	-2700.173584		116	-1.225585938	1.2547	4.714036942	-27.29077148	6.151818332	35.27911995	679.3938976					
-708.9259644	-444851.0426	-2742.537	-2745.332576	-2672.882813		38	1.685180664	6.9642	7.922271729	-5.671142578	27.86804515	38.90130495	54.11549164					
-708.9286499	-444852.7278	-2749.5012	-2753.254847	-2667.21167		43	2.719268799	12.3429	9.594163895	41.67626953	92.61427749	47.26418258	1517.647906					
-708.9329834	-444855.4471	-2761.8441	-2762.849011	-2708.887939		169	-0.076599121	0.6116	0.074870586	-1.488037109	0.47361803	0.022943072	1.992157196					
-708.9328613	-444855.3705	-2762.4557	-2762.923882	-2707.399902		168	-9.000396729	-45.664	-39.67540121	-66.94311523	1344.219805	940.9559	3357.358628					
-708.9185181	-444846.3701	-2716.7917	-2723.248481	-2640.456787		140	-1.072387695	-2.1642	-2.235534668	1.267089844	1.192054109	1.35291088	5.473155156					
-708.9168091	-444845.2977	-2714.6275	-2721.012946	-2641.723877		143	2.604370117	8.4632	6.743370056	32.65307617	34.3258876	17.13132049	902.9247356					
-708.9209595	-444847.9021	-2723.0907	-2727.756316	-2674.376953		82	3.791656494	16.7313	11.26209068	20.57006836	167.4343741	55.80738697	281.5151047					
-708.927002	-444851.6937	-2739.822	-2739.018407	-2694.947021		111	3.561859131	19.1884	21.76599884	12.71264648	244.1887795	331.3907026	83.73690919					
-708.9326782	-444855.2556	-2759.0104	-2760.784406	-2707.659668		171	-10.99197388	-50.1171	-43.9930706	-36.53857422	1530.775494	1089.072385	652.628789					
-708.9151611	-444844.2636	-2708.8933	-2716.791335	-2671.121094		x1	0.612792969	0.5414	-0.065879822	0.091552734	0.005096956	0.460596757	0.271691382					
-708.9161377	-444844.8764	-2709.4347	-2716.725455	-2671.212646		u9	7.583312989	31.9144	24.03027916	31.56762695	592.0017952	270.5026962	575.2473164					
-708.9282227	-444852.4597	-2741.3491	-2740.755734	-2702.780273		120	-4.710845947	-20.6619	-14.71911049	-58.41723633	254.4361254	100.1653591	2884.376368					
-708.9207153	-444847.7489	-2720.6872	-2726.036624	-2644.363037		137	0.268096924	2.0034	0.559127808	-0.395019531	3.011276766	0.084698975	0.439723433					
-708.9211426	-444848.017	-2722.6906	-2726.595752	-2643.968018		73	2.144775391	15.7928	13.77127457	25.04150391	186.2685757	135.1754831	524.2601767					
-708.9245605	-444850.1617	-2738.4834	-2740.367026	-2669.009521		36	-0.68939209	-5.0952	-6.207931519	-17.38134766	19.41114334	30.45427742	278.6213806					
-708.9234619	-444849.4724	-2733.3882	-2734.159095	-2651.628174		97	2.987365723	7.7107	6.342063904	53.61181641	22.30988669	11.25399988	2562.835007					
-708.9282227	-444852.4597	-2741.0989	-2740.501159	-2705.23999		121	4.442749023	21.8748	29.05862039	41.29272461	303.8764012	605.9411233	1357.920701					
-708.9353027	-444856.9025	-2762.9737	-2769.559779	-2746.532715		5	-8.617401124	-33.5893	-38.37430948	-79.85888672	623.5957335	885.4735949	5075.34927					
-708.9215698	-444848.2851	-2729.3844	-2731.18547	-2666.673828		32	1.37878418	-2.1275	-0.38086319	-7.880859375	12.29402875	3.096358865	85.74099876					
-708.9237671	-444849.6638	-2727.2569	-2730.804606	-2658.792969		133	6.664123536	32.5975	34.70388412	83.76171875	672.5400148	786.2281739	5944.039188					
-708.9343872	-444856.328	-2759.8544	-2765.508491	-2742.554688		6	-3.255462646	-9.263	-11.90654659	-77.49951172	36.09050506	74.84125345	5512.178823					
-708.9291992	-444853.0725	-2750.5914	-2753.601944	-2665.055176		45	-4.327850342	-26.7225	-25.46070576	-15.05932617	501.5203333	446.597578	115.1645735					
-708.9223022	-444848.7447	-2723.8689	-2728.141238	-2649.99585		135	4.481048585	26.2568	23.00157356	17.1105957	474.1833497	343.0098455	159.5054604					
-708.9294434	-444853.2257	-2750.1257	-2751.142812	-2667.106445		48	-1.493682861	-0.8886	-2.3450737	33.23242188	0.366125269	0.72486636	1205.90235					
-708.927063	-444851.732	-2749.2371	-2748.797738	-2700.338867		160	-3.715057373	-25.3695	-20.81865501	-13.99975586	468.9148855	292.5330523	105.775023					
-708.9211426	-444848.017	-2723.8676	-2727.979083	-2686.339111		84	1.148986816	7.9708	5.422279358	-28.86425781	46.53713512	18.26102915	900.7948531					
-708.9229736	-444849.166	-2731.8384	-2733.401362	-2657.474854		95	-0.382995605	-7.9292	-8.760269165	28.04150391	56.94520077	70.1787123	807.9521725					
-708.9223633	-444848.783	-2723.9092	-2724.641093	-2685.516357		16	-1.148986817	-4.5599	-4.778514862	-4.188476563	11.63432874	13.17347383	9.238497915					
-708.9205322	-444847.634	-2719.3493	-2719.862578	-2681.327881		u	0.153198242	2.9476	7.262413025	-30.14428711	7.808681184	50.54093483	917.9376186					
-708.9207764	-444847.7872	-2722.2969	-2727.124991	-2651.183594		78	-3.829956055	-12.3717	-9.395095825	21.77246094	72.96138963	30.97078067	655.4837558					
-708.9146729	-444843.9572	-2709.9252	-2717.729896	-2672.956055		x3	5.055541992	21.0873	15.22415543	-9.679931641	257.0172648	103.4006992	217.1341832					
-708.9227295	-444849.0128	-2731.0125	-2732.954051	-2663.276123		94	0.191497803	-5.4614	-3.555160522	-9.609863281	31.95525357	14.0374486	96.06667909					
-708.9230347	-444849.2043	-2725.5511	-2729.39889	-2653.66626		134	0.153198242	1.8472	-2.569961548	5.782470703	2.869641955	7.415599242	31.68870844					
-708.9232788	-444849.3575	-2727.3983	-2726.828929	-2659.44873		65	-0.842590332	0.29	4.033535004	32.27294922	1.282760859	23.77659829	1096.63896					
-708.921936	-444848.5149	-2727.6883	-2730.862464	-2691.72168		90	-1.072387695	-2.782	-4.026390076	-24.18188477	2.922774232	8.726130063	534.0488548					
-708.9202271	-444847.4425	-2724.9063	-2726.836074	-2667.539795		30	10.95367432	45.8318	53.29193115	87.90039063	1216.483651	1792.527992	5920.797151					
-708.9376831	-444858.3961	-2770.7381	-2780.128005	-2755.440186		1	-13.86444092	-52.4792	-57.49965668	-74.85522461	1491.099619	1904.032054	3719.875695					
-708.9155884	-444844.5317	-2718.2589	-2722.628348	-2680.584961		x8	1.800079346	-4.9739	-3.845409393	-5.081542969	45.88679618	31.8715431	47.35672568					
-708.918457	-444846.3318	-2713.285	-2718.782939	-2675.503418		u6	-0.459594727	8.6456	5.526771545	-11.64282227	82.90457101	35.83658114	125.0645782					
-708.9177246	-444845.8722	-2721.9306	-2724.30971	-2663.860596		151	-1.953277588	-10.9417	-5.865921021	10.703125	80.79173746	15.30877863	160.1845265					
-708.9146118	-444843.9189	-2710.9889	-2718.443789	-2674.563721		x4	8.464202881	31.9781	21.4278717	-21.08398438	552.9033577	168.0567094	873.0953701					
-708.9281006	-444852.3831	-2742.967	-2739.871661	-2653.479736		54	-5.208740234	-25.2758	-21.4824295	26.5090332	402.6868876	264.8329625	1006.017152					
-708.9197998	-444847.1744	-2717.6912	-2718.389232	-2679.98877		19	-0.68939209	1.5305	3.106483459	-9.786132813	4.927920889	14.40867118	82.75069178					
-708.9187012	-444846.485	-2719.2217	-2721.495715	-2670.202637		27	8.732299805	43.2845	40.95832109	34.69213867	1193.854538	1038.516448	673.913234					
-708.9326172	-444855.2173	-2762.5062	-2762.454036	-2704.894775		167	-2.79586792	-21.7923	-22.21935701	2.460449219	360.8644318	377.2719286	27.62886987					
-708.9281616	-444852.4214	-2740.7139	-2740.234679	-2707.355225		122	1.838378906	10.646	13.55267048	-9.171875	77.57418933	137.224627	121.2256911					
-708.9310913	-444854.2598	-2751.3599	-2753.78735	-2698.18335		174	-7.391815185	-24.4196	-25.30928135	-22.19458008	289.9454557	321.0355937	219.1218485					
-708.9193115	-444846.868	-2726.9403	-2728.478068	-2675.98877		153	3.217163086	8.9301	6.366943359	-26.00439453	32.63764818	9.921115771	853.8994296					
-708.9244385	-444850.0851	-2735.8704	-2734.845012	-2649.984375		101	-1.187286377	-5.6999	-2.358001709	20.66601563	20.36368171	1.370574388	477.5668084					
-708.9225464	-444848.8979	-2730.1705	-2732.48701	-2670.650391		93	3.48526001	10.0114	7.488939285	37.99267578	42.59050317	16.02944774	1190.761743					
-708.9281006	-444852.3831	-2740.1819	-2739.975949	-2708.643066		123	-6.779022217	-25.0722	-18.3065052	-67.51318359	334.6403534	132.882864	3688.638358					
-708.9172974	-444845.6041	-2715.1097	-2721.669444	-2641.129883		142	3.829956055	11.6515	5.974433899	47.71289063	61.17654969	4.598785224	1925.711947					
-708.9234009	-444849.4341	-2726.7612	-2727.643878	-2688.842773		15	3.52355957	20.5709	18.41851807	-29.46386719	290.6118157	221.8597886	1088.170324					
-708.9290161	-444852.9576	-2747.3321	-2746.062396	-2659.378906		51	-1.876678467	-8.9782	-9.680973053	12.83935547	50.43160809	60.90701399	216.5616548					
-708.9260254	-444851.0809	-2738.3539	-2736.381423	-2672.218262		107	4.327850342	22.3319	25.74728441	36.84765625	324.1458041	458.7921559	1057.537776					
-708.9329224	-444855.4088	-2760.6858	-2762.128707	-2709.065918		170	-2.336273193	-5.717	-7.704843044	-16.98120117	11.42931374	28.82154225	214.4739155					
-708.9291992	-444853.0725	-2754.9688	-2754.423864	-2692.084717		162	-0.612792969	-6.4111	-1.961497307	-22.10424805	33.62036443	1.819003392	461.8826414					
-708.9282227	-444852.4597	-2748.5577	-2752.462367	-2669.980469		42	5.400238037	19.3609	23.63180113	82.51489258	194.9000824	332.3898928	5946.669945					
-708.9368286	-444857.86	-2767.9186	-2776.094168	-2752.495361		3	-9.613189697	-42.3997	-46.5596118	-55.96826172	1074.955258	1365.038106	2148.792702					
-708.9215088	-444848.2468	-2725.5189	-2729.534556	-2696.5271		87	1.455383301	10.766	8.540044785	-28.94824219	86.68758331	50.19242834	924.3804428					
-708.9238281	-444849.7021	-2736.2849	-2738.074601	-2667.578857		35	8.808898925	34.9619	43.01841164	88.24633789	683.9794652	1170.29076	6310.306709					
-708.9378662	-444858.511	-2771.2468	-2781.093013	-2755.825195		0	-13.55804443	-56.7403	-60.84957123	-112.4255371	1864.707196	2236.488507	9774.781108					
-708.9162598	-444844.953	-2714.5065	-2720.243442	-2643.399658		145	3.140563965	8.4696	6.228755951	1.961669922	28.39862507	9.536929745	1.389791164					
-708.9212646	-444848.0936	-2722.9761	-2726.472197	-2645.361328		72	4.366149903	18.5018	14.46877098	55.33007813	199.8166037	102.0629526	2597.32198					
-708.9282227	-444852.4597	-2741.4779	-2740.940968	-2700.691406		119	-4.289550781	-20.0497	-18.9706707	-17.60009766	248.3823034	215.5352821	177.1706581					
-708.9213867	-444848.1702	-2721.4282	-2721.970298	-2683.091309		17	5.974731445	27.406	29.57660294	44.05859375	459.2992719	557.0483379	1450.380568					
-708.9309082	-444854.1449	-2748.8342	-2751.546901	-2727.149902		9	-3.217163086	-10.8516	-15.73152542	-61.96606445	58.28462699	156.6092647	3451.433412					
-708.9257813	-444850.9277	-2737.9826	-2735.815375	-2665.183838		106	2.412872314	6.908	11.14770317	55.0925293	20.20617291	76.2972701	2775.14626					
-708.9296265	-444853.3406	-2744.8906	-2746.963078	-2720.276367		10	0.421295166	3.251	3.776451111	-24.52294922	8.007229446	11.25707141	622.2153279					
-708.9302979	-444853.7619	-2748.1416	-2750.73953	-2695.753418		175	-2.527770996	-14.3668	-14.50528908	-0.474853516	140.1626078	143.4609394	4.21447018					
-708.9262695	-444851.2341	-2733.7748	-2736.23424	-2695.278564		129	-3.370361328	-10.975	-8.568744659	-27.43676758	57.83052933	27.02318926	579.1919098					
-708.9208984	-444847.8638	-2722.7998	-2727.665496	-2667.841797		81	4.289550781	18.5428	10.22034264	-13.69091797	203.1551133	35.17429203	323.2972565					
-708.9277344	-444852.1533	-2741.3426	-2737.885838	-2654.150879		55	-5.859832764	-23.564	-17.70015907	17.35180664	313.4375375	140.1933271	538.7802039					
-708.918396	-444846.2935	-2717.7786	-2720.185679	-2671.502686		26	0.497894288	0.1569	3.928401947	-30.59008789	0.116277104	11.7683828	966.4626359					
-708.9191895	-444846.7914	-2717.9355	-2724.114081	-2640.912598		139	-2.719268799	-3.8496	-3.873840332	37.58886719	1.277648624	1.333035425	1624.745827					
-708.914856	-444844.0721	-2714.0859	-2720.240241	-2678.501465		x6	4.557647705	14.4094	11.1797905	7.472412109	97.05702328	43.85277515	8.495851532					
-708.9221191	-444848.6298	-2728.4953	-2731.420031	-2685.973877		91	0.68939209	4.1385	2.390075684	-32.31518555	11.89634538	2.892324687	1089.302145					
-708.9232178	-444849.3192	-2732.6338	-2733.810107	-2653.658691		96	-1.493682862	-10.0625	-6.333999634	7.874267578	73.42462715	23.42866646	87.75849544					
-708.9208374	-444847.8255	-2722.5713	-2727.476108	-2661.532959		80	4.059753418	14.9062	12.87685204	30.25292969	117.6454034	77.74122802	686.0824831					
-708.9273071	-444851.8852	-2737.4775	-2740.35296	-2691.785889		178	-2.987365723	-11.8118	-13.75797081	-33.61865234	77.87064031	116.0059339	938.27572					
-708.9225464	-444848.8979	-2725.6657	-2726.594989	-2658.167236		67	0.68939209	2.7466	0.423179626	1.177001953	4.232104384	0.070869076	0.237763378					
-708.923645	-444849.5872	-2728.4123	-2727.018168	-2659.344238		64	2.029876709	9.6421	7.159152985	-2.557373047	57.94594343	26.30947511	21.04286032					
-708.9268799	-444851.6171	-2738.0544	-2734.177321	-2656.786865		57	-1.838378906	-3.3127	0.432769775	-6.353271484	2.173622687	5.158116334	20.38425499					
-708.9239502	-444849.7787	-2734.7417	-2734.610091	-2650.433594		99	0.842590332	5.8351	8.163433075	20.49487305	24.92515278	53.59473846	386.2122159					
-708.925293	-444850.6213	-2740.5768	-2742.773524	-2670.928467		37	-0.114898682	-9.9472	-9.087348938	4.486328125	96.67414921	80.5048636	21.17128813					
-708.9251099	-444850.5064	-2730.6296	-2733.686175	-2675.414795		131	1.4553833	7.0205	5.200975418	33.18383789	30.97052388	14.02946031	1006.694831					
-708.9274292	-444851.9618	-2737.6501	-2738.887151	-2708.598633		126	0.612792969	3.4775	5.051673889	-15.67602539	8.206546375	19.70366383	265.3256035					
-708.9284058	-444852.5746	-2741.1276	-2743.938825	-2692.922607		177	-7.085418701	-21.2631	-21.2385006	-34.50390625	201.006647	200.3097271	751.7734595					
-708.9171143	-444845.4892	-2719.8645	-2722.700324	-2658.418701		150	4.059753418	19.5616	16.76207542	40.38842773	240.3072474	161.3489843	1319.772578					
-708.923584	-444849.549	-2739.4261	-2739.462399	-2698.807129		157	-1.302185059	-17.1877	-12.40465736	-51.80297852	252.3495849	123.2648913	2550.33014					
-708.9215088	-444848.2468	-2722.2384	-2727.057742	-2647.00415		136	-3.370361328	-7.3287	-6.894100189	-2.144287109	15.66844504	12.41673556	1.50325799					
-708.9161377	-444844.8764	-2714.9097	-2720.163642	-2644.859863		146	4.327850342	19.1026	15.61806488	21.92260742	218.2932275	127.4689443	309.5754767					
-708.9230347	-444849.2043	-2734.0123	-2735.781707	-2666.782471		34	2.949066163	13.3578	15.49502945	5.849365234	108.3417401	157.4011948	8.411734706					
-708.9277344	-444852.1533	-2747.3701	-2751.276736	-2672.631836		41	-1.263885499	-15.1265	-16.25343323	13.1081543	192.1720808	224.6865411	206.5555279					
-708.9257202	-444850.8894	-2732.2436	-2735.023303	-2685.73999		130	-2.068176269	3.8728	1.387809753	7.986572266	35.29519903	11.94383939	101.0979681					
-708.9224243	-444848.8213	-2736.1164	-2736.411113	-2693.726563		156	-0.957489014	-13.7778	-9.527931213	-49.90039063	164.3603738	73.4524795	2395.407618					
-708.9208984	-444847.8638	-2722.3386	-2726.883182	-2643.826172		75	-2.987365723	-1.6847	-2.70154953	35.62768555	1.696937986	0.081690896	1491.122185					
-708.9161377	-444844.8764	-2720.6539	-2724.181632	-2679.453857		x9	1.455383301	3.6445	2.093276978	-9.627441406	4.792231922	0.406908342	122.8290035					
-708.918457	-444846.3318	-2724.2984	-2726.274909	-2669.826416		152	8.272705078	36.645	34.43289089	27.30957031	804.9871191	684.3553218	362.402238					
-708.9316406	-444854.6045	-2760.9434	-2760.7078	-2697.135986		165	-3.561859131	-26.0396	-29.86872387	-38.5690918	505.2488346	692.0511323	1225.506339					
-708.9259644	-444851.0426	-2734.9038	-2730.839076	-2658.566895		59	-1.953277587	-8.421	-4.16443634	0.619140625	41.83143321	4.889223031	6.617335459					
-708.9228516	-444849.0894	-2726.4828	-2726.67464	-2659.186035		66	1.493682861	10.7317	8.637657166	-4.885498047	85.34096066	51.03636887	40.69394905					
-708.9252319	-444850.583	-2737.2145	-2735.312297	-2654.300537		104	6.855621338	28.4697	37.7988112	95.62036133	467.1683964	957.4809987	7879.179065					
-708.9361572	-444857.4387	-2765.6842	-2773.111108	-2749.920898		4	-1.800079346	-9.2821	-12.07181764	-11.78369141	55.98063307	105.5086075	99.67250977					
-708.9332886	-444855.6386	-2756.4021	-2761.03929	-2738.137207		7	-9.15359497	-40.7256	-43.98927307	-60.2980957	996.7915016	1213.524469	2615.759955					
-708.9187012	-444846.485	-2715.6765	-2717.050017	-2677.839111		21	3.676757813	15.0572	10.60570526	-18.65283203	129.5144644	48.01031275	498.6105826					
-708.9245605	-444850.1617	-2730.7337	-2727.655723	-2659.186279		62	1.800079345	9.7704	12.31810951	40.92138672	63.52601134	110.6289586	1530.476691					
-708.9274292	-444851.9618	-2740.5041	-2739.973832	-2700.107666		113	-4.136352539	-18.2406	-12.98119926	-54.9230957	198.9297964	78.2313136	2579.293281					
-708.9208374	-444847.8255	-2722.2635	-2726.992633	-2645.18457		76	5.821533203	35.113	29.8875351	45.78808594	857.9900271	579.1724471	1597.325337					
-708.9301147	-444853.647	-2757.3765	-2756.880168	-2690.972656		163	-2.259674072	-18.2841	-19.14978409	-5.420166016	256.7822263	285.2758164	9.988709327					
-708.9265137	-444851.3873	-2739.0924	-2737.730384	-2685.55249		109	0.459594727	6.8637	11.9601326	-11.37475586	41.01256435	132.2623714	140.0518538					
-708.9272461	-444851.8469	-2745.9561	-2749.690516	-2674.177734		40	-5.744934082	-30.1389	-31.48106003	0.112060547	595.0655732	662.3481787	34.30438609					
-708.9180908	-444846.102	-2715.8172	-2718.209456	-2674.289795		24	6.817321778	34.3662	35.43053627	-8.899902344	758.9406913	818.7160436	247.0311341					
-708.9289551	-444852.9193	-2750.1834	-2753.639993	-2665.389893		44	-0.306396484	-5.6501	-11.73814011	-11.34472656	28.55516726	130.6847622	121.8447309					
-708.9284668	-444852.6129	-2744.5333	-2741.901853	-2654.045166		53	-4.481048585	-11.6374	-8.38094902	33.96777344	51.21336558	15.20922341	1478.311915					
-708.9213257	-444848.1319	-2732.8959	-2733.520904	-2688.012939		155	-3.868255615	-16.8399	-12.16862488	-7.947509766	168.2635581	68.8961299	16.64031443					
-708.9151611	-444844.2636	-2716.056	-2721.352279	-2680.06543		x7	1.493682862	-4.4533	-3.580825806	-6.559570313	35.36660516	25.75063821	64.85488668					
-708.9175415	-444845.7573	-2711.6027	-2717.771453	-2673.505859		u7	8.38760376	47.7851	41.24440384	19.56689453	1552.16271	1079.569311	124.9765422					
-708.9309082	-444854.1449	-2759.3878	-2759.015857	-2693.072754		164	-10.72387695	-55.5568	-84.83030981	-35.95654297	2009.990989	5491.763391	636.6874343					
-708.9138184	-444843.421	-2703.831	-2674.185547	-2657.116211			-11.10687256	-47.3063	-11.23535156	1.447998047	1310.398547	0.016506854	157.6247759					
-708.8961182	-444832.3141	-2656.5247	-2662.950195	-2658.564209			-0.574493408	6.6015	13.81616211	25.48657227	51.4948814	207.0909662	679.1791441					
-708.8952026	-444831.7397	-2663.1262	-2676.766357	-2684.050781			20.60516357	77.0545	17.72729492	34.09155273	3186.527583	8.282127982	181.8826926					
-708.9280396	-444852.3448	-2740.1807	-2694.493652	-2718.142334			-6.779022217	-14.3149	-44.5637207	-84.87036133	56.78945397	1427.68344	6098.257244					
-708.9172363	-444845.5658	-2725.8658	-2649.929932	-2633.271973			-2.489471436	-24.5745	6.272705078	41.83813477	487.7484867	76.77573727	1964.936672					
-708.913269	-444843.0763	-2701.2913	-2656.202637	-2675.110107			0.765991211	14.7525	52.93530273	-2.658691406	195.6224281	2721.637065	11.72845103					
-708.9144897	-444843.8423	-2716.0438	-2709.137939	-2672.451416			-1.4553833	-6.1576	-55.39794922	-5.493896484	22.11084189	2909.800418	16.30958874					
-708.9121704	-444842.3869	-2709.8862	-2653.73999	-2666.95752			-2.719268799	-25.1722	39.53149414	-27.29467773	504.1341195	1785.126969	603.9507243					
-708.9078369	-444839.6677	-2684.714	-2693.271484	-2639.662842			5.247039795	35.7232	-26.24023438	38.84204102	928.7963409	991.4484346	1128.624107					
-708.9161987	-444844.9147	-2720.4372	-2667.03125	-2678.504883			-1.876678467	-4.8608	22.07763672	-55.22143555	8.904981326	573.809216	2845.663108					
-708.913208	-444843.038	-2715.5764	-2689.108887	-2623.283447			-11.2600708	-57.5139	12.3034668	50.88354492	2139.416716	555.2403041	3861.828975					
-708.8952637	-444831.778	-2658.0625	-2701.412354	-2674.166992			3.753356933	17.1387	-30.49682617	-13.29370117	179.167409	1173.075043	290.60219					
-708.9012451	-444835.5313	-2675.2012	-2670.915527	-2660.873291			6.549224854	23.345	-2.703857422	27	282.0980628	85.6195316	418.2342041					
-708.9116821	-444842.0805	-2698.5462	-2668.21167	-2687.873291			-2.910766602	-3.5168	17.22973633	-36.43383789	0.36727648	405.6398583	1123.796309					
-708.9070435	-444839.1698	-2695.0294	-2685.441406	-2651.439453			1.685180664	-5.4329	-27.59814453	52.40844727	50.66707234	857.5131345	2572.849775					
-708.909729	-444840.8549	-2689.5965	-2657.843262	-2703.8479			1.187286377	4.8697	24.23803711	-11.92797852	13.56017009	531.3371093	172.0101732					
-708.9116211	-444842.0422	-2694.4662	-2682.081299	-2691.919922			-0.957489014	-9.1748	-3.205078125	-27.3972168	67.52419984	5.051656811	699.0592052					
-708.9100952	-444841.0847	-2685.2914	-2678.876221	-2664.522705			1.340484619	5.9043	-28.10107422	-5.919921875	20.82841083	866.8053868	52.71350246					
-708.9122314	-444842.4252	-2691.1957	-2650.775146	-2658.602783			-4.749145508	-11.9986	15.76367188	6.955322266	52.55459043	420.775677	136.9945659					
-708.9046631	-444837.6761	-2679.1971	-2666.538818	-2665.558105			-6.31942749	-24.4499	-10.421875	-6.21875	328.7140334	16.83007557	0.010135957					
-708.8945923	-444831.3567	-2654.7472	-2656.116943	-2659.339355			9.268493652	47.6899	-8.503417969	-1.689453125	1476.204466	315.8408427	120.0765976					
-708.9093628	-444840.6252	-2702.4371	-2647.613525	-2657.649902			2.489471436	-0.2974	33.06616211	3.931152344	7.766652401	934.9340125	2.07844384					
-708.9133301	-444843.1146	-2702.1397	-2680.679688	-2661.581055			-7.506713867	-30.2431	24.18554688	-24.13769531	516.9432544	1004.399391	276.5895438					
-708.9013672	-444835.6079	-2671.8966	-2704.865234	-2637.443359			10.30258179	50.431	-62.43920898	47.62890625	1610.289948	5291.368125	1393.254498					
-708.9177856	-444845.9105	-2722.3276	-2642.426025	-2685.072266			-10.8770752	-45.6056	23.46582031	-31.42260742	1206.070435	1179.434472	422.1188945					
-708.9004517	-444835.0334	-2676.722	-2665.891846	-2653.649658			-0.497894287	-14.766	14.64770508	7.618164063	203.5788406	229.3891801	65.87040313					
-708.8996582	-444834.5355	-2661.956	-2680.539551	-2661.267822			1.034088134	7.818	21.92700195	-3.163085938	46.0214602	436.5138478	17.61627019					
-708.9013062	-444835.5696	-2669.774	-2702.466553	-2658.104736			7.889709473	34.2416	-60.23144531	9.692138672	694.4221343	4640.491729	3.248751017					
-708.9138794	-444843.4593	-2704.0156	-2642.235107	-2667.796875			-9.115295411	-38.373	24.69824219	-6.932373047	856.0132778	1143.355325	4.765150046					
-708.899353	-444834.344	-2665.6426	-2666.93335	-2660.864502			6.587524414	24.304	-7.719726563	-22.63745117	313.8735072	204.6974305	854.099198					
-708.9098511	-444840.9315	-2689.9466	-2659.213623	-2638.227051			-3.944854736	-15.2717	-3.338134766	18.85327148	128.2974236	0.368109122	519.7545592					
-708.9035645	-444836.9867	-2674.6749	-2655.875488	-2657.080322			12.63885498	66.259	-8.883544922	-5.139160156	2875.119952	463.2136975	316.0578222					
-708.9237061	-444849.6255	-2740.9339	-2646.991943	-2651.941162			-14.24743652	-65.625	3.211425781	6.386962891	2639.654029	304.811873	425.7784392					
-708.901001	-444835.3781	-2675.3089	-2650.203369	-2658.328125			-4.86404419	-21.7139	37.23144531	2.300048828	283.9176408	1772.030236	51.32422877					
-708.8932495	-444830.5141	-2653.595	-2687.434814	-2660.628174			4.481048585	30.0296	12.04003906	-49.67700195	652.7284794	57.13833705	2933.094438					
-708.9003906	-444834.9951	-2683.6246	-2699.474854	-2610.951172			4.90234375	12.5661	-40.47900391	41.10351563	58.73315986	2059.466715	1310.524845					
-708.9082031	-444839.8975	-2696.1907	-2658.99585	-2652.054688			-9.498291016	-32.0878	-5.540039063	-51.63818359	510.2859162	15.66775852	1775.770546					
-708.8930664	-444830.3992	-2664.1029	-2653.455811	-2600.416504			10.57067871	33.0691	-12.81640625	56.41479492	506.1789605	546.955743	2101.682991					
-708.9099121	-444840.9698	-2697.172	-2640.639404	-2656.831299			-0.65109253	7.3438	38.59667969	-47.43261719	63.91830656	1540.387624	2188.511049					
-708.9088745	-444840.3188	-2704.5158	-2679.236084	-2609.398682			-0.574493408	-24.8156	-28.83984375	59.30541992	587.6312488	798.93003	3585.60402					
-708.907959	-444839.7443	-2679.7002	-2650.39624	-2668.704102			10.34088135	60.4996	40.40966797	-3.937255859	2515.897057	904.1319289	203.8652021					
-708.9244385	-444850.0851	-2740.1998	-2690.805908	-2664.766846			-18.80508423	-79.5137	-17.90551758	20.32885742	3685.536029	0.809220159	1531.465389					
-708.8944702	-444831.2801	-2660.6861	-2672.900391	-2685.095703			2.604370117	18.473	5.718505859	-75.03173828	251.8134144	9.697841421	6027.365327					
-708.8986206	-444833.8844	-2679.1591	-2678.618896	-2610.063965			-1.570281982	-14.8925	22.79125977	19.3828125	177.4814929	593.4847163	439.0321684					
-708.8961182	-444832.3141	-2664.2666	-2701.410156	-2629.446777			0.536193848	10.8623	-4.506347656	-21.24316406	106.6284683	25.42722482	474.340431					
-708.8969727	-444832.8503	-2675.1289	-2696.903809	-2608.203613			12.79205322	42.3734	-6.365722656	67.9296875	875.0560772	367.0203766	3040.158714					
-708.9173584	-444845.6424	-2717.5023	-2690.538086	-2676.133301			-16.8901062	-63.7822	8.997070313	-18.43481445	2198.868461	670.1459078	2.386123584					
-708.8904419	-444828.7523	-2653.7201	-2699.535156	-2657.698486			13.94104004	46.5413	-27.734375	22.10449219	1062.77695	1736.840219	66.64195098					
-708.9126587	-444842.6933	-2700.2614	-2671.800781	-2679.802979			2.374572753	11.9188	34.92651367	-15.73217773	91.09227373	1059.628858	327.8544132					
-708.9164429	-444845.0679	-2712.1802	-2706.727295	-2664.070801			4.710845947	23.0538	-8.679443359	-14.25366211	336.4639634	179.2998477	359.6525658					
-708.9239502	-444849.7787	-2735.234	-2698.047852	-2649.817139			-16.6986084	-69.408	56.2331543	-17.93676758	2778.279963	5319.04201	1.533038154					
-708.8973389	-444833.0801	-2665.826	-2754.281006	-2631.880371			4.634246826	25.387	-76.36010742	11.6105957	430.6767643	6560.08542	48.66944366					
-708.9047241	-444837.7144	-2691.213	-2677.920898	-2643.490967			13.02185059	41.2894	-18.75048828	63.94165039	799.0543499	1009.481517	2592.826012					
-708.9254761	-444850.7362	-2732.5024	-2659.17041	-2707.432617			-8.885498047	-34.3961	17.33691406	-25.52001953	650.790812	687.6148968	276.707305					
-708.9113159	-444841.8507	-2698.1063	-2676.507324	-2681.912598			-5.361938477	-23.8343	32.62426758	-40.48266602	341.2281403	1442.95185	1233.465503					
-708.902771	-444836.4888	-2674.272	-2709.131592	-2641.429932			6.817321778	28.891	-40.03808594	14.18481445	487.2472703	2195.429232	54.27994832					
-708.9136353	-444843.3061	-2703.163	-2669.093506	-2655.614746			-8.081207276	-22.8229	-17.64306641	24.2434082	217.3175044	91.42915004	1044.880766					
-708.9007568	-444835.2249	-2680.3401	-2651.450439	-2679.858154			-0.076599121	-4.4804	61.41479492	-24.57080078	19.39346218	3781.191541	599.965915					
-708.9006348	-444835.1483	-2675.8597	-2712.865234	-2655.287354			-2.834167481	-9.7994	-9.992431641	27.10546875	48.51446405	51.24074578	896.3818176					
-708.8961182	-444832.3141	-2666.0603	-2702.872803	-2682.392822			8.311004638	30.842	-59.42871094	-29.56518555	507.645752	4588.669066	1434.605783					
-708.9093628	-444840.6252	-2696.9023	-2643.444092	-2652.827637			-2.987365722	-7.0478	51.9284668	4.570068359	16.48712652	3015.748661	57.1148099					
-708.9046021	-444837.6378	-2689.8545	-2695.372559	-2657.397705			5.783233643	14.1378	-1.249755859	4.376220703	69.79877902	49.46294134	1.979685412					
-708.9138184	-444843.421	-2703.9923	-2694.122803	-2661.773926			-7.928009033	-22.1271	4.756591797	24.10913086	201.6141843	160.8990982	1026.378333					
-708.9011841	-444835.493	-2681.8652	-2698.879395	-2685.883057			-7.200317383	-23.2816	-39.90258789	-44.01806641	258.6076506	1069.438496	1355.546643					
-708.8897095	-444828.2927	-2658.5836	-2658.976807	-2641.86499			8.234405518	17.7775	36.94506836	25.38745117	91.0706523	824.3021608	294.2269752					
-708.902832	-444836.5271	-2676.3611	-2695.921875	-2667.252441			21.33285522	91.6167	9.615234375	85.27636719	4939.818836	137.3026384	4088.772722					
-708.9368286	-444857.86	-2767.9778	-2705.537109	-2752.528809			-20.52856445	-91.2035	-4.600830078	-108.092041	4994.946515	253.6927223	7667.362428					
-708.9041138	-444837.3314	-2676.7743	-2700.936279	-2644.436768			-8.119506836	-23.6694	-9.909179688	16.08520508	241.7991774	3.202928916	585.8680788					
-708.8911743	-444829.2119	-2653.1049	-2691.0271	-2660.521973			17.46459961	77.2784	-25.26196289	-30.30517578	3577.690717	1825.559143	2281.951441					
-708.9190063	-444846.6765	-2730.3833	-2665.765137	-2630.216797			-8.196105957	-50.0827	67.33203125	27.95214844	1754.48676	5704.49951	1306.696296					
-708.9059448	-444838.4804	-2680.3006	-2733.097168	-2658.168945			-7.200317383	-23.1616	-67.03320313	20.24951172	254.7625428	3579.974216	753.4931177					
-708.8944702	-444831.2801	-2657.139	-2666.063965	-2678.418457			10.14938355	35.2525	17.04833984	-38.23120117	630.1664557	47.59559801	2340.680978					
-708.9106445	-444841.4294	-2692.3915	-2683.112305	-2640.187256			-1.302185059	-5.8025	17.9387207	21.30908203	20.25283457	370.2124545	511.2693994					
-708.9085693	-444840.1273	-2686.589	-2701.051025	-2661.496338			-9.919586182	-23.8901	-45.60083008	-59.73144531	195.1752563	1273.151166	2481.22131					
-708.8927612	-444830.2077	-2662.6989	-2655.450195	-2601.764893			6.587524414	25.0764	20.13891602	58.01635742	341.8385204	183.6402143	2644.924865					
-708.9032593	-444836.7952	-2687.7753	-2675.589111	-2659.78125			6.625823975	16.1051	-28.02294922	13.24194336	89.85667396	1200.537484	43.77303571					
-708.9138184	-444843.421	-2703.8804	-2647.566162	-2673.023193			-7.391815186	-19.3116	54.68481445	6.216064453	142.08127	3853.507947	185.1743883					
-708.9020386	-444836.0292	-2684.5688	-2702.250977	-2679.239258			8.617401124	24.6197	-30.18676758	-19.28149414	256.0735693	1505.763509	778.348357					
-708.9157715	-444844.6466	-2709.1885	-2672.064209	-2659.957764			-1.800079346	-9.1594	-21.8828125	9.457763672	54.15960049	403.3161709	126.7390294					
-708.9129028	-444842.8465	-2700.0291	-2650.181396	-2669.415527			-5.974731445	-22.9144	49.9921875	-4.284423828	286.9523707	3132.296016	2.857139841					
-708.9033813	-444836.8718	-2677.1147	-2700.173584	-2665.131104			11.10687256	44.3556	-27.29077148	-29.37011719	1105.477877	1474.379068	1638.386699					
-708.9210815	-444847.9787	-2721.4703	-2672.882813	-2635.760986			-15.54962158	-61.6898	-5.671142578	33.71801758	2128.916064	97.58434742	2427.300268					
-708.8963013	-444832.429	-2659.7805	-2667.21167	-2669.479004			16.04751587	77.6496	41.67626953	-37.95214844	3794.816769	656.8330143	2915.963745					
-708.921875	-444848.4766	-2737.4301	-2708.887939	-2631.526855			1.4553833	3.6843	-1.488037109	29.81494141	4.968069653	8.663723709	804.264536					
-708.9241943	-444849.9319	-2741.1144	-2707.399902	-2661.341797			-9.613189697	-53.7451	-66.94311523	-23.27075195	1947.625507	3286.720362	186.5290068					
-708.9088745	-444840.3188	-2687.3693	-2640.456787	-2638.071045			-7.315216064	-17.955	1.267089844	42.19262695	113.2050022	73.65597469	2451.02652					
-708.8972168	-444833.0035	-2669.4143	-2641.723877	-2680.263672			9.84298706	31.4876	32.65307617	-7.544921875	468.4892693	520.3001653	302.3393771					
-708.9129028	-444842.8465	-2700.9019	-2674.376953	-2672.71875			0.153198242	0.6353	20.57006836	-6.267333984	0.232422105	416.8485854	41.22323407					
-708.913147	-444842.9997	-2701.5372	-2694.947021	-2666.451416			-2.719268799	-4.9487	12.71264648	-14.82373047	4.97036348	238.1440093	146.5179923					
-708.9088135	-444840.2805	-2696.5885	-2707.659668	-2651.627686			7.391815185	37.698	-36.53857422	-23.62573242	918.464838	1929.879113	962.0882596					
-708.9205933	-444847.6723	-2734.2865	-2671.121094	-2628.001953			-6.089630126	-36.5452	0.091552734	45.04199219	927.5417363	38.20702156	2614.4428					
-708.9108887	-444841.5826	-2697.7413	-2671.212646	-2673.043945			-6.357727051	-22.2058	31.56762695	-16.52514648	251.1614162	1438.332476	103.3764179					
-708.9007568	-444835.2249	-2675.5355	-2702.780273	-2656.518799			23.28613281	95.7113	-58.41723633	99.30639648	5245.404842	6675.440529	5779.080489					
-708.9378662	-444858.511	-2771.2468	-2644.363037	-2755.825195			-16.20071411	-72.1853	-0.395019531	-66.60302734	3134.273857	249.8199812	2540.393179					
-708.9120483	-444842.3103	-2699.0615	-2643.968018	-2689.222168			-7.162017822	-19.4166	25.04150391	-15.79663086	150.1747844	1037.066812	74.55654231					
-708.9006348	-444835.1483	-2679.6449	-2669.009521	-2673.425537			-1.761779785	-20.7144	-17.38134766	-14.3034668	359.201813	243.9709005	157.2939131					
-708.8978271	-444833.3865	-2658.9305	-2651.628174	-2659.12207			1.608581543	18.3016	53.61181641	-5.356933594	278.6568652	2704.336436	48.51840112					
-708.9003906	-444834.9951	-2677.2321	-2705.23999	-2653.765137			4.136352539	6.4095	41.29272461	37.51318359	5.167199379	1380.595985	1114.012851					
-708.9069824	-444839.1315	-2683.6416	-2746.532715	-2691.27832			6.932220459	26.0829	-79.85888672	-48.55102539	366.7485269	7532.696285	3078.39057					
-708.9180298	-444846.0637	-2709.7245	-2666.673828	-2642.727295			-9.84298706	-21.2597	-7.880859375	-31.91870117	130.3413343	3.849945054	487.3371535					
-708.9023438	-444836.2207	-2688.4648	-2658.792969	-2610.808594			-5.859832764	-27.0106	83.76171875	-2.024169922	447.3549547	8032.022496	14.71230944					
-708.8930054	-444830.3609	-2661.4542	-2742.554688	-2608.784424			12.79205322	38.5872	-77.49951172	64.48876953	665.3895972	8152.5667	2672.550477					
-708.9133911	-444843.1529	-2700.0414	-2665.055176	-2673.273193			-6.089630127	-11.1219	-15.05932617	-20.62939453	25.32374007	80.45544714	211.4047489					
-708.9036865	-444837.0633	-2688.9195	-2649.99585	-2652.643799			-0.421295166	-3.3912	17.1105957	10.08056641	8.820334722	307.3671975	110.2890965					
-708.9030151	-444836.642	-2685.5283	-2667.106445	-2662.724365			19.609375	74.1609	33.23242188	79.91699219	2975.86888	185.5874062	3637.008691					
-708.9342651	-444856.2514	-2759.6892	-2700.338867	-2742.641357			-14.82192993	-67.7503	-13.99975586	-43.21166992	2801.412358	0.675970204	805.9773367					
-708.9106445	-444841.4294	-2691.9389	-2686.339111	-2699.429688			0.268096923	18.1413	-28.86425781	-84.9387207	319.4513882	848.6940925	7260.20177					
-708.9110718	-444841.6975	-2710.0802	-2657.474854	-2614.490967			16.62200928	60.2027	28.04150391	140.4645996	1899.276604	130.4048576	15336.98718					
-708.937561	-444858.3195	-2770.2829	-2685.516357	-2754.955566			-22.55844116	-104.6987	-4.188476563	-90.36572266	6747.022122	337.4555994	4597.827424					
-708.9016113	-444835.7611	-2665.5842	-2681.327881	-2664.589844			-0.727691651	12.7845	-30.14428711	-4.728515625	182.5793232	865.3360884	16.00659247					
-708.9004517	-444835.0334	-2678.3687	-2651.183594	-2659.861328			20.10726929	75.5936	21.77246094	75.99584961	3078.732896	2.772863233	3123.53341					
-708.9324951	-444855.1407	-2753.9623	-2672.956055	-2735.857178			-9.498291016	-31.3395	-9.679931641	-50.18969727	477.0384099	0.032993317	1655.790543					
-708.9173584	-444845.6424	-2722.6228	-2663.276123	-2685.66748			-10.64727783	-44.8401	-9.609863281	-30.04345703	1169.149088	1.07622895	376.2117675					
-708.9003906	-444834.9951	-2677.7827	-2653.66626	-2655.624023			10.83877563	45.0079	5.782470703	30.50634766	1167.52906	25.56621956	386.8133892					
-708.9176636	-444845.8339	-2722.7906	-2659.44873	-2686.130371			-0.497894287	-0.9608	32.27294922	-3.346191406	0.214281699	1073.928184	8.11279648					
-708.9168701	-444845.336	-2721.8298	-2691.72168	-2682.78418			-1.646881104	-18.7911	-24.18188477	-17.78613281	293.9242416	507.82639	260.4754457					
-708.9142456	-444843.6891	-2703.0387	-2667.539795	-2664.998047			0.65109253	17.8441	87.90039063	-33.81347656	295.5995059	7612.440018	1187.806523					
-708.9152832	-444844.3402	-2720.8828	-2755.440186	-2631.18457			-15.28152466	-53.8623	-74.85522461	4.089599609	1488.476226	3549.025726	375.2404554					
-708.8909302	-444829.0587	-2667.0205	-2680.584961	-2635.27417			2.604370117	-4.0154	-5.081542969	-10.03710938	43.8213564	59.07325996	159.8070038					
-708.8950806	-444831.6631	-2663.0051	-2675.503418	-2625.237061			-0.919189453	3.0462	-11.64282227	-24.48510742	15.72431351	114.9963007	555.3524897					
-708.8936157	-444830.7439	-2666.0513	-2663.860596	-2600.751953			8.196105957	15.9814	10.703125	41.70800781	60.61080334	6.285144484	1123.047566					
-708.9066772	-444838.94	-2682.0327	-2674.563721	-2642.459961			-3.868255615	-5.7722	-21.08398438	11.88061523	3.625004221	296.3813167	248.026933					
-708.9005127	-444835.0717	-2676.2605	-2653.479736	-2654.340576			2.183074951	1.8009	26.5090332	9.403808594	0.146057693	591.7522449	52.13899434					
-708.9039917	-444837.2548	-2678.0614	-2679.98877	-2663.744385			-5.974731445	-9.5148	-9.786132813	-61.07885742	12.53208537	14.52678038	3036.4647					
-708.8944702	-444831.2801	-2668.5466	-2670.202637	-2602.665527			8.272705078	27.1306	34.69213867	49.82226563	355.6202009	697.9864714	1726.365982					
-708.9076538	-444839.5528	-2695.6772	-2704.894775	-2652.487793			-3.906555175	-12.9703	2.460449219	32.83691406	82.15147025	40.53874495	1350.082532					
-708.9014282	-444835.6462	-2682.7069	-2707.355225	-2685.324707			-3.638458252	-11.127	-9.171875	-79.82617188	56.07825751	30.61870091	5804.567707					
-708.8956299	-444832.0078	-2671.5799	-2698.18335	-2605.498535			11.29837036	31.4634	-22.19458008	71.98706055	406.6284203	1121.777729	3683.117116					
-708.9136353	-444843.3061	-2703.0433	-2675.98877	-2677.485596			3.791656494	12.7099	-26.00439453	-38.82910156	79.53506723	887.8046567	1816.529017					
-708.9196777	-444847.0978	-2715.7532	-2649.984375	-2638.656494			-18.80508423	-59.2521	20.66601563	8.682128906	1635.961085	1557.967724	755.5468859					
-708.8897095	-444828.2927	-2656.5011	-2670.650391	-2647.338623			15.39642334	40.8127	37.99267578	5.251220703	645.9871193	510.5906244	102.9251365					
-708.9142456	-444843.6891	-2697.3138	-2708.643066	-2652.589844			-1.072387695	1.1843	-67.51318359	8.090087891	5.092639354	4414.37936	83.95095886					
-708.9125366	-444842.6167	-2698.4981	-2641.129883	-2660.679932			6.434326172	26.0541	47.71289063	36.55151367	384.9355251	1703.919883	907.0449829					
-708.9227905	-444849.0511	-2724.5522	-2688.842773	-2697.231445			-13.32824707	-49.3175	-29.46386719	-33.31347656	1295.226326	260.3582366	399.4093979					
-708.9015503	-444835.7228	-2675.2347	-2659.378906	-2663.917969			10.18768311	46.019	12.83935547	19.46337891	1283.88327	7.03136632	86.03853258					
-708.9177856	-444845.9105	-2721.2537	-2672.218262	-2683.381348			-12.10266113	-48.1391	36.84765625	-5.896728516	1298.624926	2396.133572	38.51359965					
-708.8984985	-444833.8078	-2673.1146	-2709.065918	-2677.484619			-5.400238037	-12.0498	-16.98120117	-39.68041992	44.2166743	134.1187071	1175.13087					
-708.8898926	-444828.4076	-2661.0648	-2692.084717	-2637.804199			2.604370117	-4.0827	-22.10424805	44.03759766	44.71690675	610.5158116	1716.712344					
-708.894043	-444831.012	-2656.9821	-2669.980469	-2681.841797			-0.804290772	4.842	82.51489258	-77.21875	31.88059948	6942.086314	5839.169579					
-708.8927612	-444830.2077	-2661.8241	-2752.495361	-2604.623047			11.68136597	32.8326	-55.96826172	39.81152344	447.3747011	4576.472126	791.3057593					
-708.911377	-444841.889	-2694.6567	-2696.5271	-2644.43457			0.612792969	4.9841	-28.94824219	41.58178711	19.10832516	873.8547995	1678.458481					
-708.9123535	-444842.5018	-2699.6408	-2667.578857	-2686.016357			-3.868255616	-17.6474	88.24633789	-4.920166016	189.86482	8485.098337	1.106515489					
-708.906189	-444838.6336	-2681.9934	-2755.825195	-2681.096191			3.217163086	11.4671	-112.4255371	-14.32250977	68.06145909	13373.23411	307.6401237					
-708.9113159	-444841.8507	-2693.4605	-2643.399658	-2666.773682			3.983154297	26.1604	1.961669922	13.86547852	491.830227	4.086399078	97.66033196					
-708.9176636	-444845.8339	-2719.6209	-2645.361328	-2680.63916			-15.20492554	-58.0651	55.33007813	-66.64404297	1836.994555	4975.186742	2645.982802					
-708.8934326	-444830.629	-2661.5558	-2700.691406	-2613.995117			12.5239563	51.6001	-17.60009766	56.23461914	1526.945007	907.4586267	1910.622046					
-708.9133911	-444843.1529	-2713.1559	-2683.091309	-2670.229736			-4.481048584	-18.9987	44.05859375	-15.93823242	210.7622026	2356.096878	131.2670615					
-708.90625	-444838.6719	-2694.1572	-2727.149902	-2654.291504			3.600158691	2.5446	-61.96606445	-2.788818359	1.11420415	4298.929617	40.81902775					
-708.9119873	-444842.272	-2696.7018	-2665.183838	-2651.502686			4.978942871	19.81	55.0925293	36.84765625	219.9602556	2511.371544	1015.614892					
-708.9199219	-444847.251	-2716.5118	-2720.276367	-2688.350342			-8.3493042	-17.5177	-24.52294922	-79.82641602	84.05948155	261.5867932	5108.977514					
-708.9066162	-444838.9017	-2698.9941	-2695.753418	-2608.523926			-0.459594727	-5.6666	-0.474853516	36.50805664	27.11290392	0.000232831	1366.607248					
-708.9058838	-444838.4421	-2693.3275	-2695.278564	-2645.031982			0.344696045	0.9147	-27.43676758	3.516845703	0.324904509	771.809721	10.06253346					
-708.9064331	-444838.7868	-2694.2422	-2667.841797	-2648.548828			-1.225585938	-0.6283	-13.69091797	-38.85424805	0.356750491	155.3845026	1415.916212					
-708.90448	-444837.5612	-2693.6139	-2654.150879	-2609.69458			7.353515625	9.9176	17.35180664	37.62475586	6.574528682	99.96582323	916.3479853					
-708.9161987	-444844.9147	-2703.5315	-2671.502686	-2647.319336			-1.570281982	0.0179	-30.59008789	7.777832031	2.522322009	842.149135	87.38723561					
-708.9136963	-444843.3444	-2703.5494	-2640.912598	-2655.097168			5.400238037	23.1735	37.58886719	-19.39794922	315.8888408	1036.107847	614.9500912					
-708.9223022	-444848.7447	-2726.7229	-2678.501465	-2635.699219			-13.67294312	-47.7336	7.472412109	30.50585938	1160.128347	447.1260476	1951.766589					
-708.9005127	-444835.0717	-2678.9893	-2685.973877	-2666.205078			8.579101563	21.8313	-32.31518555	7.124267578	175.6207634	1672.342718	2.116541922					
-708.9141846	-444843.6508	-2700.8206	-2653.658691	-2673.329346			6.357727051	37.3955	7.874267578	-13.33349609	963.3433496	2.29989517	387.7442689					
-708.9243164	-444850.0085	-2738.2161	-2661.532959	-2659.99585			-13.51974487	-51.5554	30.25292969	7.292724609	1446.711061	1916.047038	433.158886					
-708.902771	-444836.4888	-2686.6607	-2691.785889	-2667.288574			6.893920898	16.9038	-33.61865234	8.879638672	100.1976796	1641.268591	3.943075076					
-708.9137573	-444843.3827	-2703.5645	-2658.167236	-2676.168213			-3.676757813	-18.1091	1.177001953	23.38818359	208.292501	23.55898386	732.5110533					
-708.9078979	-444839.706	-2685.4554	-2659.344238	-2699.556396			-4.366149902	-4.3769	-2.557373047	-15.3918457	0.000115565	3.271673711	121.5659679					
-708.9009399	-444835.3398	-2681.0785	-2656.786865	-2684.164551			-4.251251221	-18.9921	-6.353271484	-64.40307617	217.2926227	4.418489188	3618.242045					
-708.894165	-444831.0886	-2662.0864	-2650.433594	-2619.761475			-1.302185058	-9.0319	20.49487305	41.57666016	59.74849308	475.111742	1838.595367					
-708.8920898	-444829.7864	-2653.0545	-2670.928467	-2661.338135			10.49407959	34.3832	4.486328125	42.67285156	570.690074	36.09307766	1035.473366					
-708.9088135	-444840.2805	-2687.4377	-2675.414795	-2704.010986			-4.021453857	-1.8496	33.18383789	-30.02783203	4.716949177	1384.233734	676.3317057					
-708.9024048	-444836.259	-2685.5881	-2708.598633	-2673.983154			-2.374572754	-17.9463	-15.67602539	-40.90405273	242.4786894	176.9286422	1484.520828					
-708.8986206	-444833.8844	-2667.6418	-2692.922607	-2633.079102			-2.87246704	-8.8329	-34.50390625	52.13720703	35.52676106	1000.547946	3026.064241					
-708.894043	-444831.012	-2658.8089	-2658.418701	-2685.216309			26.15859985	105.5993	40.38842773	63.20483398	6310.82484	202.4880015	1372.423463					
-708.93573	-444857.1706	-2764.4082	-2698.807129	-2748.421143			-22.48184204	-87.3233	-51.80297852	-74.76025391	4204.41467	859.7290442	2733.032347					
-708.8999023	-444834.6887	-2677.0849	-2647.00415	-2673.660889			9.498291016	29.0273	-2.144287109	-13.6159668	381.3821919	135.5496254	534.2689142					
-708.9150391	-444844.187	-2706.1122	-2644.859863	-2660.044922			-0.957489014	-3.8211	21.92260742	17.34179688	8.200267878	523.4988129	334.8638641					
-708.9135132	-444843.2295	-2702.2911	-2666.782471	-2677.386719			1.187286377	16.1995	5.849365234	-2.531738281	225.3665579	21.73497927	13.83114441					
-708.9154053	-444844.4168	-2718.4906	-2672.631836	-2674.85498			-1.225585938	-15.8031	13.1081543	-16.89648438	212.5039162	205.4561091	245.5770578					
-708.9134521	-444843.1912	-2702.6875	-2685.73999	-2657.958496			-6.127929688	-32.9049	7.986572266	10.02416992	717.0061391	199.2191654	260.8903218					
-708.9036865	-444837.0633	-2669.7826	-2693.726563	-2667.982666			5.553436279	27.3898	-49.90039063	14.7722168	476.8267806	3075.126918	84.98591424					
-708.9125366	-444842.6167	-2697.1724	-2643.826172	-2682.754883			-6.396026611	-21.372	35.62768555	-14.7644043	224.279779	1765.992384	70.0297451					
-708.9023438	-444836.2207	-2675.8004	-2679.453857	-2667.990479			3.446960449	22.5715	-9.627441406	-13.52612305	365.748013	170.9399839	288.0855634					
-708.9078369	-444839.6677	-2698.3719	-2669.826416	-2654.464355			14.13253784	49.0263	27.30957031	73.39916992	1217.574638	173.6341847	3512.533678					
-708.9303589	-444853.8002	-2747.3982	-2697.135986	-2727.863525			-25.35430908	-92.5328	-38.5690918	-74.83129883	4512.949642	174.6304822	2447.972514					
-708.8899536	-444828.4459	-2654.8654	-2658.566895	-2653.032227			9.728088378	24.5072	0.619140625	-8.337646484	218.4221403	82.97292918	326.3707761					
-708.9054565	-444838.174	-2679.3726	-2659.186035	-2644.69458			3.332061768	26.9221	-4.885498047	17.71264648	556.4899038	67.52828931	206.8012168					
-708.9107666	-444841.506	-2706.2947	-2654.300537	-2662.407227			7.659912109	33.3869	95.62036133	-21.7578125	661.8779059	7737.040627	865.4025212					
-708.9229736	-444849.166	-2739.6816	-2749.920898	-2640.649414			-3.715057373	-31.1323	-11.78369141	39.89404297	751.7051933	65.10285516	1901.753633					
-708.9170532	-444845.4509	-2708.5493	-2738.137207	-2680.543457			-14.51553345	-50.9948	-60.2980957	3.610595703	1330.736888	2096.043007	328.556558					
-708.8939209	-444830.9354	-2657.5545	-2677.839111	-2684.154053			6.472625732	32.5193	-18.65283203	-37.1953125	678.4292404	631.2886278	1906.888829					
-708.9042358	-444837.408	-2690.0738	-2659.186279	-2646.95874			0.727691651	-9.5632	40.92138672	24.7265625	105.902451	1615.533123	575.945802					
-708.9053955	-444838.1357	-2680.5106	-2700.107666	-2671.685303			-3.408660888	-10.8342	-54.9230957	-37.16186523	55.1386311	2653.736994	1139.278804					
-708.8999634	-444834.727	-2669.6764	-2645.18457	-2634.523438			1.072387695	13.9313	45.78808594	48.48974609	165.3516257	1999.493669	2248.405877					
-708.9016724	-444835.7994	-2683.6077	-2690.972656	-2683.013184			9.574890136	31.3796	-5.420166016	-12.85888672	475.4453722	224.851709	503.274344					
-708.9169312	-444845.3743	-2714.9873	-2685.55249	-2670.154297			-9.421691894	-39.5583	-11.37475586	-3.488769531	908.2151481	3.814458852	35.19956776					
-708.9019165	-444835.9526	-2675.429	-2674.177734	-2666.665527			-0.306396484	5.8187	0.112060547	1.920410156	37.51680694	0.175106287	4.958667815					
-708.9014282	-444835.6462	-2681.2477	-2674.289795	-2668.585938			13.67294312	50.1116	-8.899902344	-28.20849609	1327.775716	509.5333521	1754.05495					
-708.9232178	-444849.3192	-2731.3593	-2665.389893	-2640.377441			-8.042907715	-33.9202	-11.34472656	23.54296875	669.634256	10.9020077	997.667592					
-708.9104004	-444841.2762	-2697.4391	-2654.045166	-2663.92041			-12.60055542	-33.5445	33.96777344	-28.20410156	438.6488146	2168.609253	243.4706522					
-708.8903198	-444828.6757	-2663.8946	-2688.012939	-2635.716309			4.634246827	-1.5875	-7.947509766	29.13476563	38.71013358	158.3005989	600.2754214					
-708.8977051	-444833.3099	-2662.3071	-2680.06543	-2664.851074			5.055541992	12.2012	-6.559570313	4.96875	51.06042836	134.9108339	0.00753285					
-708.9057617	-444838.3655	-2674.5083	-2673.505859	-2669.819824			-0.306396484	17.7998	19.56689453	-26.94262695	327.8343511	394.9476958	709.4887736					
-708.9052734	-444838.0591	-2692.3081	-2693.072754	-2642.877197														
